Title FeS audit cold unchanged observations
Pscale GPa
Vscale cm^3/mol
Tscale K
Format 1 P SIGP V SIGV T
68.900000000000006 0.40000000000000002 11.548960442489999 0.0045166055699999994 300
84.799999999999997 0.40000000000000002 11.07471685764 0.0045166055699999994 300
101.09999999999999 0.20000000000000001 10.734465904699999 0.0045166055699999994 300
70.299999999999997 0.10000000000000001 11.475189218179999 0.00301107038 300
39 0.10000000000000001 12.483897795480001 0.0045166055699999994 300
44.299999999999997 0.10000000000000001 12.306244643059999 0.0045166055699999994 300
112.3 0.5 10.52971311886 0.0090332111399999988 300
130.59999999999999 0.5 10.275277671750001 0.0090332111399999988 300
148.5 0.60000000000000009 10.010303478309998 0.0075276759499999998 300
170.5 0.60000000000000009 9.7423182144899982 0.0075276759499999998 300
185.5 0.60000000000000009 9.4728274154799994 0.0075276759499999998 300
198.19999999999999 0.60000000000000009 9.3794842336999995 0.0075276759499999998 300
214.5 0.60000000000000009 9.2304362498899994 0.0075276759499999998 300
