Title Miozzi author-described staged reconstruction
Pscale GPa
Vscale cm^3/mol
Tscale K
Format 1 P SIGP V SIGV T SIGT
10.699999999999999 0.20000000000000001 6.4174943008939991 0.00030110703800000001 298 1
11.4 0.20000000000000001 6.3922013097019992 0.00060221407600000003 298 1
12 0.20000000000000001 6.3762426366879996 0.00030110703800000001 298 1
14.300000000000001 0.20000000000000001 6.31120351648 0.00030110703800000001 298 1
16 0.20000000000000001 6.2597142129820007 0.00030110703800000001 298 1
17.399999999999999 0.20000000000000001 6.2205702980419995 0.00030110703800000001 298 1
18.899999999999999 0.20000000000000001 6.1865452027479995 0.00060221407600000003 298 1
20.5 0.20000000000000001 6.1425835751999998 0.00030110703800000001 298 1
21.699999999999999 0.20000000000000001 6.1097629080580003 0.00030110703800000001 298 1
22.800000000000001 0.20000000000000001 6.0823621675999995 0.00030110703800000001 298 1
24.300000000000001 0.20000000000000001 6.045326001926 0.00060221407600000003 298 1
25.699999999999999 0.20000000000000001 6.0064831940239998 0.00030110703800000001 298 1
28.100000000000001 0.20000000000000001 5.9504772849560004 0.0024088563040000001 298 1
29.399999999999999 0.20000000000000001 5.9284964711820001 0.00060221407600000003 298 1
30.800000000000001 0.20000000000000001 5.8965791251539992 0.00060221407600000003 298 1
41.263999532884498 0 5.736992395014 0.00060221407600000003 300 1
47.76269124574317 0.17530000000000001 5.8020315152219997 0.001806642228 1759 47.100000000000001
41.463733948818707 0 5.7409067865079999 0.0012044281520000001 300 1
52.759722891903301 0 5.7737274536500003 0.0012044281520000001 2038 51.969999999999999
53.248173092764972 0 5.7978160166899997 0.00090332111399999998 2117 80.269999999999996
45.895225028271021 0 5.6852019844779997 0.00030110703800000001 300 1
52.5286909013318 0.19389999999999999 5.7493377835719999 0.001806642228 1818 45.399999999999999
51.755434712731883 0.1978 5.7598765299020007 0.0012044281520000001 1485 65.400000000000006
53.485659380980564 0.0298 5.717721544582 0.00060221407600000003 1519 56.799999999999997
55.225013386833773 0.080500000000000002 5.7138071530879992 0.00090332111399999998 1632 167.59999999999999
55.032349346838366 0.20949999999999999 5.721937043114 0.00090332111399999998 1752 134.40000000000001
55.734611327953871 0.20999999999999999 5.7008595504540001 0.00060221407600000003 1922 99.900000000000006
56.070264642256141 0.24590000000000001 5.7053761560240002 0.00090332111399999998 2205 94.900000000000006
47.894834767327829 0 5.6490691399179997 0.00090332111399999998 300 1
59.817843192669208 1.7925 5.736992395014 0.00060221407600000003 2503 117.3
56.360616758224559 0 5.7397023583560003 0.00090332111399999998 2338 141.40000000000001
57.578602971053201 0 5.6960418378460007 0.001806642228 2012 106.2
60.598478931689392 0.61529999999999996 5.7174204375439999 0.0012044281520000001 2575 137.40000000000001
64.216630810964332 0.2999 5.7183237586579994 0.00090332111399999998 3188 198.40000000000001
66.366431763304121 2.6162999999999998 5.7132049390119999 0.0012044281520000001 3399 220.59999999999999
60.841515442731861 0.2243 5.6818898070600001 0.00090332111399999998 2486 117.2
59.840592291103619 0.36830000000000002 5.6728565959199999 0.00060221407600000003 2375 116.09999999999999
55.432994849371454 0.23860000000000001 5.6873097337440006 0.00090332111399999998 1892 115.09999999999999
54.008828182851985 0.062300000000000001 5.6939340885799998 0.00090332111399999998 1578 102.09999999999999
54.010245667434354 0.072300000000000003 5.6833953422499999 0.0012044281520000001 1450 132.19999999999999
53.103653734735261 0.053999999999999999 5.6770720944519999 0.001806642228 1324 323
74.558157293551091 0 5.3166469699659995 0 300 1
80.914712352309095 0.051999999999999998 5.3756639494140002 0.0012044281520000001 1441 63.299999999999997
86.085232216987791 0.20699999999999999 5.341337747082 0.0021077492660000001 2104 58.200000000000003
87.347355496930291 0.35210000000000002 5.3452521385759999 0.0027099633419999996 2347 89
88.430199177868033 0.15740000000000001 5.3425421752339997 0.00150553519 2496 103.8
84.427872469394984 0.097100000000000006 5.3371222485500001 0.00150553519 1797 68.799999999999997
83.765324971043938 0.060199999999999997 5.3335089640940003 0.001806642228 1696 96.200000000000003
81.867557690797142 0.088400000000000006 5.3446499244999996 0.00150553519 1448 134.5
84.654027485544603 0.29980000000000001 5.34766099488 0.00150553519 1934 69.900000000000006
85.233669315022624 0.0974 5.3461554596899994 0.0021077492660000001 2013 70.299999999999997
85.52686407537557 0.10539999999999999 5.3491665300699998 0.001806642228 2084 66.400000000000006
85.775568525965383 0.15820000000000001 5.3530809215639996 0.001806642228 2153 65
87.233801021202567 0.28689999999999999 5.3588019552860002 0.00150553519 2409 76.799999999999997
87.266820508949522 0.25650000000000001 5.3612108115899995 0.0024088563040000001 2468 78.5
87.560231129408123 0.33350000000000002 5.3934292646559996 0.0027099633419999996 2596 95.599999999999994
87.288171269775077 0.32540000000000002 5.3726528790339998 0.0027099633419999996 2558 111.2
86.072698156627439 0 5.2046351518299998 0.00150553519 300 1
97.951861227076506 0.096500000000000002 5.2353480697060002 0.001806642228 2064 104.8
96.623081179294317 0.1449 5.2305303570979991 0.0012044281520000001 1857 11
95.934608659515689 0.053900000000000003 5.2184860755779994 0.00150553519 1766 87
94.707201704048117 0.0223 5.2175827544639999 0.0012044281520000001 1568 119.2
100.78563327692919 0.13650000000000001 5.2199916107679991 0.0012044281520000001 2345 66.299999999999997
102.9325314870791 0.27910000000000001 5.2236048952239997 0.00150553519 2657 81.599999999999994
99.893891530084801 0.1986 5.2260137515280007 0.0012044281520000001 2206 110.7
99.439629504650455 0.47720000000000001 5.2254115374519996 0.0012044281520000001 2371 69.5
100.45803963800607 0.17530000000000001 5.2275192867180005 0.0012044281520000001 2555 62.200000000000003
100.04927161623432 0.1618 5.2293259289460003 0.00090332111399999998 2426 56.299999999999997
103.51844895768038 0.4042 5.2401657823139995 0.00150553519 2746 106.7
104.68600133119352 0.25690000000000002 5.2260137515280007 0.0012044281520000001 2889 141.59999999999999
105.78103862484696 0.28360000000000002 5.2275192867180005 0.00150553519 3028 130.19999999999999
106.16909366128417 0.35289999999999999 5.2175827544639999 0.0012044281520000001 3054 114.2
106.99224679803132 0.38769999999999999 5.2380580330480004 0.001806642228 3227 98.900000000000006
120.43214337554872 0.18290000000000001 5.0230676079159995 0.0012044281520000001 1640 68.799999999999997
119.94944534386427 0.16270000000000001 5.0155399319659999 0.0012044281520000001 1564 131.59999999999999
123.14378957879806 0.39269999999999999 5.0197554304979999 0.0012044281520000001 2044 69.799999999999997
121.90603581658711 0.3256 5.0104211123200004 0.00090332111399999998 1865 66.099999999999994
120.65119793933964 0.076399999999999996 5.0119266475100002 0.00090332111399999998 1702 76.299999999999997
112.95771951530045 0 4.9842248000140001 0.00060221407600000003 300 1
125.65097447563846 0.47160000000000002 5.0062056137880004 0.00090332111399999998 2272 94.099999999999994
127.1984086035088 0.58909999999999996 5.0059045067500003 0.00090332111399999998 2590 85.5
129.3071497589813 1.4755 5.0233687149539996 0.0012044281520000001 2976 112
126.10698501537561 0.58340000000000003 5.0215620727259997 0.0012044281520000001 2539 116.2
113.1885699975365 0 4.9893436196599996 0.00060221407600000003 300 1
126.25297408201536 0.1394 4.9926557970780001 0.00090332111399999998 1999 93.700000000000003
128.0269545826381 0.24779999999999999 5.000785687104 0.00090332111399999998 2240 83.799999999999997
116.13975114523646 0 4.973083839607999 0.00090332111399999998 300 1
116.10756395679572 0 4.9718794114560003 0.00060221407600000003 300 1
78.271893868228915 0 5.277503055026 0.0012044281520000001 300 1
79.590206046371222 0 5.275094198721999 0.00090332111399999998 300 1
84.793254283367006 0 5.3386277837399998 0.00090332111399999998 1495 0
95.84017555377919 0.071300000000000002 5.2488978864159996 0.00090332111399999998 1988 89.5
96.259921718459623 0.18090000000000001 5.2479945653019993 0.0012044281520000001 2034 69.799999999999997
93.637889595632984 0.10920000000000001 5.2383591400859997 0.00090332111399999998 1577 124
93.207413800372379 0.067599999999999993 5.2290248219080002 0.00090332111399999998 1424 104.7
94.956420460728808 0.12590000000000001 5.2368536048959999 0.0012044281520000001 1677 111.90000000000001
94.996754403225623 0.12640000000000001 5.245585708998 0.00090332111399999998 1848 95.099999999999994
96.519144574267926 0.25380000000000003 5.2525111708719994 0.00090332111399999998 2117 83.299999999999997
97.207050548073454 0.20250000000000001 5.2522100638340001 0.00090332111399999998 2247 101.40000000000001
96.731602329422842 0.1946 5.2585333116319992 0.00090332111399999998 2254 80.599999999999994
95.700888342704374 0.1615 5.2627488101640001 0.00090332111399999998 2315 73.200000000000003
95.579664945322236 0.29149999999999998 5.2660609875819997 0.0012044281520000001 2421 65.900000000000006
95.614328482844343 0.2306 5.2744919846459997 0.0012044281520000001 2522 72.299999999999997
99.497233341055306 0.2989 5.2690720579619992 0.0012044281520000001 2812 141.40000000000001
84.965252987022765 0 5.2311325711740002 0.00090332111399999998 300 1
86.902058240004607 0 5.1934941914240005 0.001806642228 300 1
89.653349639741961 0 5.1694056283839993 0.0012044281520000001 300 1
96.985355915118063 0.1191 5.1868698365879995 0.0012044281520000001 1570 112.40000000000001
98.153951169283843 0.084199999999999997 5.1889775858540004 0.00150553519 1774 73.599999999999994
96.93518967861209 0 5.2350469626680001 0.0012044281520000001 1942 81.200000000000003
95.707095417243892 0.2152 5.2458868160360002 0.0012044281520000001 2032 86.599999999999994
99.525258399085999 0.21240000000000001 5.2061406870199995 0.00150553519 1937 87.5
97.076977294723321 0.3347 5.2501023145680001 0.0012044281520000001 2187 104.5
87.370211847262297 0 5.1868698365879995 0.0012044281520000001 300 1
100.67172821791037 0 5.2034307236779993 0.0024088563040000001 2486 125
100.7042767118038 0 5.2239060022619999 0.00150553519 2262 107
100.30735804678815 0.2331 5.2190882896539996 0.001806642228 2238 137
92.579156412494441 0 5.1459192794200002 0.00060221407600000003 300 1
103.3337491714496 0 5.0724491621479997 0.00060221407600000003 300 1
105.3074863123102 0 5.06462037916 0.00060221407600000003 300 1
113.10698263380051 0.22800000000000001 5.0745569114140006 0.00060221407600000003 1735 69.400000000000006
114.56744469172401 0.15890000000000001 5.0847945507060004 0.00090332111399999998 1975 102.40000000000001
113.33968838837441 0.20610000000000001 5.083891229592 0.0012044281520000001 1860 85.200000000000003
119.74632244976245 0.33829999999999999 5.0272831064480004 0.00090332111399999998 1810 81
110.25896294586673 0 5.0107222193579997 0.00090332111399999998 300 1
123.42174444572534 1.0257000000000001 5.0432417794619999 0.00090332111399999998 2326 1
121.48686914866839 0.38600000000000001 5.0507694554120004 0.00060221407600000003 2273 64.799999999999997
122.1636191891585 0.60389999999999999 5.0555871680199997 0.0012044281520000001 2445 83.799999999999997
121.99578813438616 0.80369999999999997 5.0525760976400003 0.00090332111399999998 2430 92.799999999999997
110.75313120112813 0 5.0040978645219996 0.00060221407600000003 300 1
126.53433092583063 0.1027 5.0188521093839995 0.00090332111399999998 2386 97.799999999999997
