Title Miozzi author-described staged reconstruction
Pscale GPa
Vscale cm^3/mol
Tscale K
Format 1 P SIGP V SIGV T
10.699999999999999 0.20000000000000001 6.4174943008939991 0.00030110703800000001 298
11.4 0.20000000000000001 6.3922013097019992 0.00060221407600000003 298
12 0.20000000000000001 6.3762426366879996 0.00030110703800000001 298
14.300000000000001 0.20000000000000001 6.31120351648 0.00030110703800000001 298
16 0.20000000000000001 6.2597142129820007 0.00030110703800000001 298
17.399999999999999 0.20000000000000001 6.2205702980419995 0.00030110703800000001 298
18.899999999999999 0.20000000000000001 6.1865452027479995 0.00060221407600000003 298
20.5 0.20000000000000001 6.1425835751999998 0.00030110703800000001 298
21.699999999999999 0.20000000000000001 6.1097629080580003 0.00030110703800000001 298
22.800000000000001 0.20000000000000001 6.0823621675999995 0.00030110703800000001 298
24.300000000000001 0.20000000000000001 6.045326001926 0.00060221407600000003 298
25.699999999999999 0.20000000000000001 6.0064831940239998 0.00030110703800000001 298
28.100000000000001 0.20000000000000001 5.9504772849560004 0.0024088563040000001 298
29.399999999999999 0.20000000000000001 5.9284964711820001 0.00060221407600000003 298
30.800000000000001 0.20000000000000001 5.8965791251539992 0.00060221407600000003 298
40.215016581107029 0 5.736992395014 0.00060221407600000003 300
40.40732932101222 0 5.7409067865079999 0.0012044281520000001 300
44.672379780433566 0 5.6852019844779997 0.00030110703800000001 300
46.59595335806695 0 5.6490691399179997 0.00090332111399999998 300
72.229997161344912 0 5.3166469699659995 0 300
83.310731611953813 0 5.2046351518299998 0.00150553519 300
109.25393361009448 0 4.9842248000140001 0.00060221407600000003 300
109.47723204705026 0 4.9893436196599996 0.00060221407600000003 300
112.3327637283118 0 4.973083839607999 0.00090332111399999998 300
112.3016107048429 0 4.9718794114560003 0.00060221407600000003 300
75.802365729173189 0 5.277503055026 0.0012044281520000001 300
77.070799201975518 0 5.275094198721999 0.00090332111399999998 300
82.244381216490396 0 5.2311325711740002 0.00090332111399999998 300
84.109415474992133 0 5.1934941914240005 0.001806642228 300
86.759577589462907 0 5.1694056283839993 0.0012044281520000001 300
84.560291513526948 0 5.1868698365879995 0.0012044281520000001 300
89.578966825224512 0 5.1459192794200002 0.00060221407600000003 300
99.95348876552427 0 5.0724491621479997 0.00060221407600000003 300
101.85952984735934 0 5.06462037916 0.00060221407600000003 300
106.6442050243966 0 5.0107222193579997 0.00090332111399999998 300
107.12197009131481 0 5.0040978645219996 0.00060221407600000003 300
