***********************************************************************************************************************
*                                                                                                                     *
*                                                     EOSFIT7c                                                        *
*                                                                                                                     *
*             Authors: RJ ANGEL, J GONZALEZ-PLATAS, M ALVARO, ML MAZZUCCHELLI                                         *
*        Version date: 13-May-2021                                                                                    *
*             Version:  7.60                                                                                          *
*                                                                                                                     *
*                                                                                                                     *
*        INCLUDING LEAST SQUARES BY I.G. WOOD & J. PIPER AND USING THE CrysFML EOS MODULE.                            *
*                                                                                                                     *
*        EosFit7c: Angel, Gonzalez-Platas, Alvaro (2014) Zeitschrift fuer Kristallographie, 229:405-419.              *
*        Phase Transitions: Angel et al (2017) Contribs Min Pet, DOI:10.1007/s00410-017-1349-x                        *
*        Fitting Moduli: Milani et al. (2017) Amer Min, DOI:10.2138/am-2017-5855                                      *
*                                                                                                                     *
*        Development currently supported by ERC grant 714936, TrueDepths to M. Alvaro, and                            *
*                          Agencia Estatal de Investigacion under                                                     *
*        National Program of Sciences and Technological Materials (PID2019-106383GB-C44) to J. Gonzalez-Platas        *
*        For more information see the help system                                                                     *
*                                                                                                                     *
*                                                                                                                     *
*        Current date and time:  3-OCT-2026 10:35                                                                     *
*                                                                                                                     *
***********************************************************************************************************************

EOSFIT-7.6>

Successfully opened file for macros
Named /Users/clemens/Programming/peritheos/docs/data/fes-eosfit7c/combined-unit/run.mcr

***** Running macro

EOSFIT-7.6>log /Users/clemens/Programming/peritheos/docs/data/fes-eosfit7c/combined-unit/run.log


Successfully opened Log file
Named /Users/clemens/Programming/peritheos/docs/data/fes-eosfit7c/combined-unit/run.log


EOSFIT-7.6>read /Users/clemens/Programming/peritheos/docs/data/fes-eosfit7c/combined-unit/input.dat


Successfully opened data file
Named /Users/clemens/Programming/peritheos/docs/data/fes-eosfit7c/combined-unit/input.dat



        The title on the file is: FeS audit combined unchanged observations
             The data in the file is for:T  ,P  ,V
               with esds in the file for:T  ,P  ,V

Only data available is for V: This will be selected

           The title on the data file is:  FeS audit combined unchanged observations

  THE 159 LOADED DATA ARE AS FOLLOWS:
<------------------------Observed Values-------------------------->
  N USE         P      esdP      T(K)      esdT       V      esd(V)
              GPA                                  CM^3/MOL
  1  1    29.5964   1.29360   1450.00   150.000   13.6915   0.00301
  2  1    29.6173   1.38320   1530.00   150.000   13.7501   0.00330
  3  1    29.6810   1.47280   1610.00   150.000   13.7997   0.00363
  4  1    29.9049   1.58480   1710.00   150.000   13.8950   0.00426
  5  1    33.1277   1.09200   1270.00   150.000   13.3755   0.00163
  6  1    33.2312   1.18160   1350.00   150.000   13.4022   0.00199
  7  1    33.4179   1.31600   1470.00   150.000   13.4598   0.00519
  8  1    33.4179   1.31600   1470.00   150.000   13.4598   0.00519
  9  1    41.6518   1.03600   1220.00   150.000   12.8114   0.00274
 10  1    41.7693   1.15920   1330.00   150.000   12.8353   0.00263
 11  1    41.6736   1.26000   1420.00   150.000   12.8651   0.00241
 12  1    41.9291   1.36080   1510.00   150.000   12.9205   0.00185
 13  1    41.8033   1.43920   1580.00   150.000   12.9557   0.00343
 14  1    41.9176   1.50640   1640.00   150.000   12.9755   0.00226
 15  1    42.1986   1.62960   1750.00   150.000   13.0099   0.00374
 16  1    42.6556   1.78640   1890.00   150.000   13.0421   0.00396
 17  1    45.1681   1.06960   1250.00   150.000   12.6352   0.00424
 18  1    44.9994   1.17040   1340.00   150.000   12.6738   0.00406
 19  1    44.9909   1.24880   1410.00   150.000   12.6940   0.00419
 20  1    44.9010   1.38320   1530.00   150.000   12.7795   0.00235
 21  1    44.8590   1.52880   1660.00   150.000   12.8028   0.00322
 22  1    44.9072   1.64080   1760.00   150.000   12.8582   0.00294
 23  1    44.9390   1.74160   1850.00   150.000   12.9173   0.00362
 24  1    45.0022   1.84240   1940.00   150.000   12.9427   0.00392
 25  1    45.0678   1.90960   2000.00   150.000   12.9834   0.00433
 26  1    45.1985   2.02160   2100.00   150.000   13.0166   0.00520
 27  1    45.2392   2.12240   2190.00   150.000   13.1062   0.00466
 28  1    45.3343   2.23440   2290.00   150.000   13.1220   0.00493
 29  1    54.1843   1.03600   1220.00   150.000   12.2175   0.00381
 30  1    54.2740   1.08080   1260.00   150.000   12.2301   0.00219
 31  1    54.2970   1.17040   1340.00   150.000   12.2500   0.00200
 32  1    54.2284   1.27120   1430.00   150.000   12.2737   0.00174
 33  1    54.1407   1.32720   1480.00   150.000   12.3063   0.00205
 34  1    54.1687   1.43920   1580.00   150.000   12.3363   0.00247
 35  1    54.2215   1.55120   1680.00   150.000   12.3764   0.00333
 36  1    54.2202   1.62960   1750.00   150.000   12.4062   0.00459
 37  1    54.2211   1.69680   1810.00   150.000   12.4249   0.00480
 38  1    54.2430   1.77520   1880.00   150.000   12.4580   0.00387
 39  1    54.2302   1.84240   1940.00   150.000   12.4695   0.00403
 40  1    54.2358   1.93200   2020.00   150.000   12.4931   0.00415
 41  1    54.2892   2.04400   2120.00   150.000   12.5415   0.00433
 42  1    54.2243   2.13360   2200.00   150.000   12.5877   0.00492
 43  1    57.9981   1.12560   1300.00   150.000   12.0885   0.00309
 44  1    58.0563   1.24880   1410.00   150.000   12.1192   0.00340
 45  1    58.0852   1.30480   1460.00   150.000   12.1072   0.00322
 46  1    58.1264   1.37200   1520.00   150.000   12.1205   0.00278
 47  1    58.2363   1.49520   1630.00   150.000   12.1345   0.00286
 48  1    58.3077   1.57360   1700.00   150.000   12.1414   0.00286
 49  1    58.5404   1.65200   1770.00   150.000   12.1618   0.00263
 50  1    58.6663   1.74160   1850.00   150.000   12.2158   0.00254
<------------------------Observed Values-------------------------->
  N USE         P      esdP      T(K)      esdT       V      esd(V)
              GPA                                  CM^3/MOL
 51  1    58.8002   1.83120   1930.00   150.000   12.2296   0.00340
 52  1    58.8179   1.92080   2010.00   150.000   12.2413   0.00282
 53  1    58.9342   1.98800   2070.00   150.000   12.2520   0.00379
 54  1    59.1212   2.11120   2180.00   150.000   12.2584   0.00401
 55  1    59.2891   2.18960   2250.00   150.000   12.2828   0.00503
 56  1    59.3838   2.27920   2330.00   150.000   12.2963   0.00797
 57  1    63.7709   1.12560   1300.00   150.000   11.9339   0.00325
 58  1    63.6024   1.17040   1340.00   150.000   11.9447   0.00340
 59  1    63.4838   1.26000   1420.00   150.000   11.9513   0.00291
 60  1    63.4353   1.32720   1480.00   150.000   11.9543   0.00321
 61  1    63.4263   1.40560   1550.00   150.000   11.9587   0.00173
 62  1    63.4708   1.49520   1630.00   150.000   11.9641   0.00191
 63  1    63.4788   1.55120   1680.00   150.000   11.9715   0.00200
 64  1    63.4561   1.64080   1760.00   150.000   11.9934   0.00234
 65  1    63.4578   1.71920   1830.00   150.000   12.0151   0.00190
 66  1    63.4820   1.79760   1900.00   150.000   12.0372   0.00200
 67  1    63.4522   1.88720   1980.00   150.000   12.0589   0.00209
 68  1    63.5647   1.97680   2060.00   150.000   12.0863   0.00276
 69  1    63.7663   2.11120   2180.00   150.000   12.1088   0.00246
 70  1    63.8600   2.22320   2280.00   150.000   12.1322   0.00476
 71  1    63.9175   2.32400   2370.00   150.000   12.1588   0.00333
 72  1    64.2285   2.38000   2420.00   150.000   12.1796   0.00397
 73  1    64.2644   2.48080   2510.00   150.000   12.2196   0.00305
 74  1    64.1073   2.51440   2540.00   150.000   12.2416   0.00389
 75  1    83.7593   1.26000   1420.00   150.000   11.3323   0.00310
 76  1    83.8346   1.33840   1490.00   150.000   11.3411   0.00342
 77  1    83.9210   1.41680   1560.00   150.000   11.3796   0.00341
 78  1    84.2479   1.55120   1680.00   150.000   11.3835   0.00317
 79  1    84.3992   1.61840   1740.00   150.000   11.3960   0.00245
 80  1    84.4442   1.69680   1810.00   150.000   11.4172   0.00298
 81  1    84.4649   1.77520   1880.00   150.000   11.4407   0.00254
 82  1    84.4635   1.86480   1960.00   150.000   11.4700   0.00311
 83  1    84.4695   1.97680   2060.00   150.000   11.4938   0.00347
 84  1    84.3718   2.10000   2170.00   150.000   11.5203   0.00710
 85  1    84.3526   2.17840   2240.00   150.000   11.5095   0.00636
 86  1    84.3375   2.27920   2330.00   150.000   11.5130   0.00536
 87  1    84.6732   2.40240   2440.00   150.000   11.5496   0.00623
 88  1    84.6227   2.48080   2510.00   150.000   11.5596   0.00717
 89  1    92.4086   1.47280   1610.00   150.000   11.2253   0.00678
 90  1    92.4186   1.69680   1810.00   150.000   11.2230   0.00358
 91  1    92.8268   1.80880   1910.00   150.000   11.2114   0.00237
 92  1    92.8125   1.57360   1700.00   150.000   11.1689   0.00178
 93  1    92.7971   1.46160   1600.00   150.000   11.1518   0.00176
 94  1    93.0799   1.75280   1860.00   150.000   11.1819   0.00201
 95  1    93.2651   1.84240   1940.00   150.000   11.1915   0.00212
 96  1    93.4954   1.95440   2040.00   150.000   11.2112   0.00321
 97  1    93.6135   2.04400   2120.00   150.000   11.2305   0.00254
 98  1    93.7267   2.16720   2230.00   150.000   11.2545   0.00216
 99  1    94.0063   2.34640   2390.00   150.000   11.2763   0.00251
100  1    94.0082   2.44720   2480.00   150.000   11.3218   0.00372
<------------------------Observed Values-------------------------->
  N USE         P      esdP      T(K)      esdT       V      esd(V)
              GPA                                  CM^3/MOL
101  1    94.2592   2.52560   2550.00   150.000   11.3218   0.00436
102  1    108.263   1.60720   1730.00   150.000   10.7924   0.00317
103  1    108.554   1.68560   1800.00   150.000   10.7941   0.00283
104  1    109.100   1.87600   1970.00   150.000   10.8122   0.00211
105  1    109.347   1.61840   1740.00   150.000   10.7958   0.00192
106  1    109.266   1.49520   1630.00   150.000   10.7874   0.00176
107  1    109.210   1.39440   1540.00   150.000   10.7763   0.00180
108  1    109.146   1.28240   1440.00   150.000   10.7660   0.00176
109  1    109.052   1.17040   1340.00   150.000   10.7582   0.00195
110  1    109.097   1.17040   1340.00   150.000   10.7565   0.00201
111  1    109.504   1.57360   1700.00   150.000   10.7856   0.00200
112  1    109.609   1.68560   1800.00   150.000   10.7949   0.00190
113  1    109.780   1.74160   1850.00   150.000   10.7970   0.00186
114  1    109.961   1.89840   1990.00   150.000   10.8106   0.00205
115  1    110.057   1.98800   2070.00   150.000   10.8249   0.00238
116  1    110.219   2.08880   2160.00   150.000   10.8502   0.00258
117  1    110.303   2.18960   2250.00   150.000   10.8687   0.00300
118  1    110.562   2.26800   2320.00   150.000   10.8740   0.00369
119  1    110.756   2.36880   2410.00   150.000   10.8899   0.00549
120  1    110.707   2.49200   2520.00   150.000   10.9344   0.00455
121  1    110.928   2.57040   2590.00   150.000   10.9509   0.00494
122  1    115.855   1.70800   1820.00   150.000   10.6053   0.00627
123  1    116.306   1.71920   1830.00   150.000   10.5870   0.00644
124  1    116.740   1.90960   2000.00   150.000   10.6021   0.00547
125  1    117.407   1.97680   2060.00   150.000   10.6257   0.00423
126  1    117.832   2.13360   2200.00   150.000   10.6405   0.00487
127  1    118.498   2.30160   2350.00   150.000   10.6947   0.00651
128  1    118.847   2.39120   2430.00   150.000   10.6960   0.00459
129  1    118.550   1.90960   2000.00   150.000   10.6173   0.00962
130  1    118.524   1.79760   1900.00   150.000   10.6006   0.00661
131  1    118.494   1.68560   1800.00   150.000   10.5952   0.00854
132  1    118.350   1.57360   1700.00   150.000   10.5937   0.00797
133  1    118.373   1.46160   1600.00   150.000   10.5816   0.00963
134  1    118.240   1.23760   1400.00   150.000   10.5806   0.00776
135  1    128.752   1.15920   1330.00   150.000   10.4041   0.00358
136  1    129.081   1.33840   1490.00   150.000   10.4082   0.00403
137  1    129.340   1.52880   1660.00   150.000   10.4126   0.00374
138  1    129.907   1.67440   1790.00   150.000   10.4085   0.00548
139  1    130.211   1.82000   1920.00   150.000   10.4056   0.00417
140  1    130.971   2.02160   2100.00   150.000   10.4077   0.00481
141  1    131.695   2.17840   2240.00   150.000   10.4277   0.00481
142  1    132.596   2.40240   2440.00   150.000   10.4588   0.00461
143  1    148.509   1.20400   1370.00   150.000   10.0719   0.00428
144  1    148.906   1.42800   1570.00   150.000   10.0723   0.00384
145  1    149.347   1.60720   1730.00   150.000   10.0751   0.00383
146  1    149.948   1.79760   1900.00   150.000   10.0741   0.00659
147  1    68.9000   0.40000   300.000   0.00000   11.5490   0.00452
148  1    84.8000   0.40000   300.000   0.00000   11.0747   0.00452
149  1    101.100   0.20000   300.000   0.00000   10.7345   0.00452
150  1    70.3000   0.10000   300.000   0.00000   11.4752   0.00301
151  1    39.0000   0.10000   300.000   0.00000   12.4839   0.00452
152  1    44.3000   0.10000   300.000   0.00000   12.3062   0.00452
153  1    112.300   0.50000   300.000   0.00000   10.5297   0.00903
154  1    130.600   0.50000   300.000   0.00000   10.2753   0.00903
155  1    148.500   0.60000   300.000   0.00000   10.0103   0.00753
156  1    170.500   0.60000   300.000   0.00000   9.74232   0.00753
157  1    185.500   0.60000   300.000   0.00000   9.47283   0.00753
158  1    198.200   0.60000   300.000   0.00000   9.37948   0.00753
159  1    214.500   0.60000   300.000   0.00000   9.23043   0.00753

       Esds available for all data points for:  P, V
      Esds available for some data points for:  T

EOSFIT-7.6>input

*************************************Commands to input or change EoS parameters ***************************************


   Type HELP for a list of commands to change EoS types or parameters


INPUT EOS>pr

     Available equations of state are:
     1=Murnaghan, 2=Birch-Murnaghan, 3=Vinet, 4=Natural Strain, 5=Tait, 6=APL, 7=Kumar,

     Input choice (0 for none, space for no change):2

INPUT ORDER OF EOS (2,3,4):3


INPUT EOS PARAMETERS, <CR> FOR NO CHANGE:
          VALUE OF V0    (     1.000):15.4
          VALUE OF K0    (    10.000):115.5
          VALUE OF Kp    (     4.000):4.99
 
 
  EOS Information
-------------------
 
    Title: 
Eos Saved: 
 
   System: 
    Class: Volume
   Stoichiometry:            1.000
 
  Compressibility
-------------------
 
    Model: Birch-Murnaghan
    Order:  3
   Pressure of reference:    0.000
 
      V0:  15.4000           :Reference pressure volume: units as volume data
      K0:  115.500           :Bulk modulus: same units as pressure data
      Kp:  4.99000           :dK/dP: dimensionless
     Kpp: -0.0507            :d2K/dP2: inverse pressure units [IMPLIED VALUE]
 
 
  Scale factors for data groups
---------------------------------
   Sca 1:  1.00000           :Scale factor for data group 1 [FIXED VALUE]
 

INPUT EOS>th

     Available thermal expansion equations are:
       1=Berman 1988,  2=Fei 1995,  3=Modified HP1998,  4=Kroll,  5=Salje low-T,
     Available thermal-pressure EoS are:
       6=HP Thermal Pressure,  7=Mie-Gruneisen-Debye,  8=Einstein Oscillator,

     Input choice (0 for none, space for no change):7

INPUT THERMAL PARAMETERS FOR Mie-Gruneisen-Debye <CR> FOR NO CHANGE:


*****WARNING: EoS must have a Pscale in kbar or GPa and a Vscale in cm3/mol set to get correct results.

    Reference temperature ( 298.0K):300

     Do you want to use q-compromise version (Y/N) <N>?n

    Reference pressure volume: units as volume data:
                    VALUE OF V0    (    15.400):15.4
    Debye temperature in K:
                    VALUE OF ThMGD (   298.000):417
    Number of atoms per formula unit:
                    VALUE OF Natom (     1.000):2

*****INFORMATION*****

    Gamma0 and q are  refineable parameters in the thermal-pressure model

    Gruneisen parameter at Tref,Pref:
                    VALUE OF Gamm0 (     1.000):2.42
    Gruneisen power law in V/V0:
                    VALUE OF q     (     0.000):1

*****The results of the thermal pressure model depend on the EoS parameters

*****WARNING: EoS must have a Pscale in kbar or GPa and a Vscale in cm3/mol set to get correct results.

 
 
  EOS Information
-------------------
 
    Title: 
Eos Saved: 
 
   System: 
    Class: Volume
   Stoichiometry:            1.000
 
  Compressibility
-------------------
 
    Model: Birch-Murnaghan
    Order:  3
   Pressure of reference:    0.000
 
      V0:  15.4000           :Reference pressure volume: units as volume data
      K0:  115.500           :Bulk modulus: same units as pressure data
      Kp:  4.99000           :dK/dP: dimensionless
     Kpp: -0.0507            :d2K/dP2: inverse pressure units [IMPLIED VALUE]
 
 
  Thermal Expansion
-------------------
 
   Model: Mie-Gruneisen-Debye
 
   Temperature of reference:   300.00 K
 
   ThMGD:  417.000           :Debye temperature in K
   Natom:  2.00000           :Number of atoms per formula unit [FIXED VALUE]
   Gamm0:  2.42000           :Gruneisen parameter at Tref,Pref
       q:  1.00000           :Gruneisen power law in V/V0
 
  Scale factors for data groups
---------------------------------
   Sca 1:  1.00000           :Scale factor for data group 1 [FIXED VALUE]
 

INPUT EOS>pscale

     This command allows you to label the output parameters with the pressure scale name (e.g. 'GPa')
     It does not change the parameter values or the P values in the dataset!

     No pressure scale name has been set

     Input name of pressure scale, blank for no change, or 'none':GPa

     The pressure scale name is: GPa

 
 
  EOS Information
-------------------
 
    Title: 
Eos Saved: 
 
   System: 
    Class: Volume
   Pscale: GPa
   Stoichiometry:            1.000
 
  Compressibility
-------------------
 
    Model: Birch-Murnaghan
    Order:  3
   Pressure of reference:    0.000
 
      V0:  15.4000           :Reference pressure volume: units as volume data
      K0:  115.500           :Bulk modulus: units are GPa
      Kp:  4.99000           :dK/dP: dimensionless
     Kpp: -0.0507            :d2K/dP2: units are inverse GPa [IMPLIED VALUE]
 
 
  Thermal Expansion
-------------------
 
   Model: Mie-Gruneisen-Debye
 
   Temperature of reference:   300.00 K
 
   ThMGD:  417.000           :Debye temperature in K
   Natom:  2.00000           :Number of atoms per formula unit [FIXED VALUE]
   Gamm0:  2.42000           :Gruneisen parameter at Tref,Pref
       q:  1.00000           :Gruneisen power law in V/V0
 
  Scale factors for data groups
---------------------------------
   Sca 1:  1.00000           :Scale factor for data group 1 [FIXED VALUE]
 

INPUT EOS>vscale

     This command allows you to label the output parameters with the volume scale name (e.g. 'cm3/mol')
     For linear data and Eos, use this for the name of the linear units (e.g. 'A')
     It does not change the parameter values or the values of the data!

     No volume/linear scale name has been set

     Input name of volume scale, blank for no change, or 'none':cm^3/mol

     The volume scale name is: cm^3/mol

 
 
  EOS Information
-------------------
 
    Title: 
Eos Saved: 
 
   System: 
    Class: Volume
   Pscale: GPa
   Vscale: cm^3/mol
   Stoichiometry:            1.000
 
  Compressibility
-------------------
 
    Model: Birch-Murnaghan
    Order:  3
   Pressure of reference:    0.000
 
      V0:  15.4000           :Reference pressure volume: units are cm^3/mol
      K0:  115.500           :Bulk modulus: units are GPa
      Kp:  4.99000           :dK/dP: dimensionless
     Kpp: -0.0507            :d2K/dP2: units are inverse GPa [IMPLIED VALUE]
 
 
  Thermal Expansion
-------------------
 
   Model: Mie-Gruneisen-Debye
 
   Temperature of reference:   300.00 K
 
   ThMGD:  417.000           :Debye temperature in K
   Natom:  2.00000           :Number of atoms per formula unit [FIXED VALUE]
   Gamm0:  2.42000           :Gruneisen parameter at Tref,Pref
       q:  1.00000           :Gruneisen power law in V/V0
 
  Scale factors for data groups
---------------------------------
   Sca 1:  1.00000           :Scale factor for data group 1 [FIXED VALUE]
 

INPUT EOS>x

*************************************************Exiting from INPUT ***************************************************


EOSFIT-7.6>save /Users/clemens/Programming/peritheos/docs/data/fes-eosfit7c/combined-unit/initial.eos
 
 
  EOS Information
-------------------
 
    Title: 
Eos Saved: 
 
   System: 
    Class: Volume
   Pscale: GPa
   Vscale: cm^3/mol
   Stoichiometry:            1.000
 
  Compressibility
-------------------
 
    Model: Birch-Murnaghan
    Order:  3
   Pressure of reference:    0.000
 
      V0:  15.4000           :Reference pressure volume: units are cm^3/mol
      K0:  115.500           :Bulk modulus: units are GPa
      Kp:  4.99000           :dK/dP: dimensionless
     Kpp: -0.0507            :d2K/dP2: units are inverse GPa [IMPLIED VALUE]
 
 
  Thermal Expansion
-------------------
 
   Model: Mie-Gruneisen-Debye
 
   Temperature of reference:   300.00 K
 
   ThMGD:  417.000           :Debye temperature in K
   Natom:  2.00000           :Number of atoms per formula unit [FIXED VALUE]
   Gamm0:  2.42000           :Gruneisen parameter at Tref,Pref
       q:  1.00000           :Gruneisen power law in V/V0
 
  Scale factors for data groups
---------------------------------
   Sca 1:  1.00000           :Scale factor for data group 1 [FIXED VALUE]
 

      Do you want to save this EoS to file (Y/N) <Y>?y


Successfully opened file for eos
Named /Users/clemens/Programming/peritheos/docs/data/fes-eosfit7c/combined-unit/initial.eos


     Eos parameters written to file /Users/clemens/Programming/peritheos/docs/data/fes-eosfit7c/combined-unit/initial.eos


EOSFIT-7.6>list

           The title on the data file is:  FeS audit combined unchanged observations
           The calculated values are from:

  THE 159 LOADED DATA ARE AS FOLLOWS:
<-------------------------Observed Values---------------------------><----------------Calculated Values ----------------------->
  N USE         P      esdP      T(K)      esdT       V      esd(V)      Pcal    deltaP delta/esd    V  cal    deltaV   delV/esd
              GPA                                  CM^3/MOL               GPa                       cm^3/mol
  1  1    29.5964   1.29360   1450.00   150.000   13.6915   0.00301   26.9484   2.64805   2.04704   13.5161   0.17540   58.3130
  2  1    29.6173   1.38320   1530.00   150.000   13.7501   0.00330   26.7280   2.88924   2.08881   13.5549   0.19514   59.1438
  3  1    29.6810   1.47280   1610.00   150.000   13.7997   0.00363   26.6518   3.02926   2.05680   13.5916   0.20817   57.3966
  4  1    29.9049   1.58480   1710.00   150.000   13.8950   0.00426   26.1267   3.77819   2.38401   13.6285   0.26654   62.6151
  5  1    33.1277   1.09200   1270.00   150.000   13.3755   0.00163   30.4606   2.66712   2.44242   13.2193   0.15616   96.0374
  6  1    33.2312   1.18160   1350.00   150.000   13.4022   0.00199   30.6413   2.58992   2.19187   13.2488   0.15339   76.9784
  7  1    33.4179   1.31600   1470.00   150.000   13.4598   0.00519   30.6432   2.77477   2.10849   13.2921   0.16772   32.3112
  8  1    33.4179   1.31600   1470.00   150.000   13.4598   0.00519   30.6432   2.77477   2.10849   13.2921   0.16772   32.3112
  9  1    41.6518   1.03600   1220.00   150.000   12.8114   0.00274   40.5612   1.09060   1.05271   12.7595   0.05184   18.8897
 10  1    41.7693   1.15920   1330.00   150.000   12.8353   0.00263   40.9183   0.85100   0.73413   12.7943   0.04095   15.5919
 11  1    41.6736   1.26000   1420.00   150.000   12.8651   0.00241   41.0053   0.66826   0.53037   12.8325   0.03261   13.5382
 12  1    41.9291   1.36080   1510.00   150.000   12.9205   0.00185   40.5904   1.33868   0.98374   12.8541   0.06637   35.8088
 13  1    41.8033   1.43920   1580.00   150.000   12.9557   0.00343   40.4387   1.36469   0.94823   12.8871   0.06861   19.9982
 14  1    41.9176   1.50640   1640.00   150.000   12.9755   0.00226   40.5181   1.39944   0.92900   12.9046   0.07090   31.4041
 15  1    42.1986   1.62960   1750.00   150.000   13.0099   0.00374   40.7104   1.48812   0.91318   12.9336   0.07639   20.4479
 16  1    42.6556   1.78640   1890.00   150.000   13.0421   0.00396   41.1890   1.46661   0.82099   12.9658   0.07629   19.2735
 17  1    45.1681   1.06960   1250.00   150.000   12.6352   0.00424   44.5968   0.57125   0.53408   12.6098   0.02539   5.99199
 18  1    44.9994   1.17040   1340.00   150.000   12.6738   0.00406   44.4370   0.56242   0.48054   12.6484   0.02540   6.25607
 19  1    44.9909   1.24880   1410.00   150.000   12.6940   0.00419   44.5353   0.45555   0.36479   12.6733   0.02077   4.96106
 20  1    44.9010   1.38320   1530.00   150.000   12.7795   0.00235   43.6334   1.26755   0.91639   12.7201   0.05939   25.2533
 21  1    44.8590   1.52880   1660.00   150.000   12.8028   0.00322   44.1558   0.70318   0.45996   12.7693   0.03345   10.3968
 22  1    44.9072   1.64080   1760.00   150.000   12.8582   0.00294   43.7915   1.11570   0.67997   12.8041   0.05407   18.3775
 23  1    44.9390   1.74160   1850.00   150.000   12.9173   0.00362   43.3002   1.63879   0.94097   12.8364   0.08092   22.3663
 24  1    45.0022   1.84240   1940.00   150.000   12.9427   0.00392   43.5001   1.50209   0.81529   12.8676   0.07504   19.1240
 25  1    45.0678   1.90960   2000.00   150.000   12.9834   0.00433   43.1718   1.89597   0.99286   12.8875   0.09590   22.1385
 26  1    45.1985   2.02160   2100.00   150.000   13.0166   0.00520   43.3135   1.88502   0.93244   12.9199   0.09664   18.5922
 27  1    45.2392   2.12240   2190.00   150.000   13.1062   0.00466   42.3326   2.90659   1.36948   12.9534   0.15279   32.7579
 28  1    45.3343   2.23440   2290.00   150.000   13.1220   0.00493   42.8239   2.51041   1.12353   12.9886   0.13336   27.0614
 29  1    54.1843   1.03600   1220.00   150.000   12.2175   0.00381   54.5728   -0.3884   0.37494   12.2322   -0.0146   3.83398
 30  1    54.2740   1.08080   1260.00   150.000   12.2301   0.00219   54.5490   -0.2749   0.25439   12.2405   -0.0104   4.74244
 31  1    54.2970   1.17040   1340.00   150.000   12.2500   0.00200   54.6417   -0.3448   0.29456   12.2631   -0.0132   6.58822
 32  1    54.2284   1.27120   1430.00   150.000   12.2737   0.00174   54.7177   -0.4893   0.38488   12.2926   -0.0189   10.8242
 33  1    54.1407   1.32720   1480.00   150.000   12.3063   0.00205   54.2655   -0.1248   0.09403   12.3111   -0.0049   2.37444
 34  1    54.1687   1.43920   1580.00   150.000   12.3363   0.00247   54.2753   -0.1065   0.07401   12.3405   -0.0042   1.70618
 35  1    54.2215   1.55120   1680.00   150.000   12.3764   0.00333   54.0467   0.17474   0.11265   12.3694   0.00700   2.10496
 36  1    54.2202   1.62960   1750.00   150.000   12.4062   0.00459   53.8523   0.36790   0.22576   12.3913   0.01491   3.24668
 37  1    54.2211   1.69680   1810.00   150.000   12.4249   0.00480   53.8610   0.36001   0.21217   12.4102   0.01470   3.06321
 38  1    54.2430   1.77520   1880.00   150.000   12.4580   0.00387   53.6031   0.63989   0.36046   12.4316   0.02643   6.82414
 39  1    54.2302   1.84240   1940.00   150.000   12.4695   0.00403   53.7962   0.43399   0.23556   12.4514   0.01805   4.48157
 40  1    54.2358   1.93200   2020.00   150.000   12.4931   0.00415   53.8570   0.37883   0.19608   12.4772   0.01591   3.83192
 41  1    54.2892   2.04400   2120.00   150.000   12.5415   0.00433   53.5002   0.78908   0.38605   12.5078   0.03370   7.77503
 42  1    54.2243   2.13360   2200.00   150.000   12.5877   0.00492   53.0594   1.16484   0.54595   12.5372   0.05054   10.2687
 43  1    57.9981   1.12560   1300.00   150.000   12.0885   0.00309   58.7244   -0.7263   0.64525   12.1144   -0.0260   8.40331
 44  1    58.0563   1.24880   1410.00   150.000   12.1192   0.00340   58.7163   -0.6600   0.52849   12.1431   -0.0239   7.03786
 45  1    58.0852   1.30480   1460.00   150.000   12.1072   0.00322   59.4369   -1.3517   1.03594   12.1562   -0.0489   15.2112
 46  1    58.1264   1.37200   1520.00   150.000   12.1205   0.00278   59.5320   -1.4056   1.02446   12.1717   -0.0512   18.4155
 47  1    58.2363   1.49520   1630.00   150.000   12.1345   0.00286   59.9984   -1.7621   1.17850   12.1993   -0.0648   22.6217
 48  1    58.3077   1.57360   1700.00   150.000   12.1414   0.00286   60.3520   -2.0443   1.29915   12.2170   -0.0755   26.4601
 49  1    58.5404   1.65200   1770.00   150.000   12.1618   0.00263   60.3385   -1.7981   1.08845   12.2287   -0.0669   25.3978
 50  1    58.6663   1.74160   1850.00   150.000   12.2158   0.00254   59.5070   -0.8408   0.48275   12.2475   -0.0318   12.5033
<-------------------------Observed Values---------------------------><----------------Calculated Values ----------------------->
  N USE         P      esdP      T(K)      esdT       V      esd(V)      Pcal    deltaP delta/esd    V  cal    deltaV   delV/esd
              GPA                                  CM^3/MOL               GPa                       cm^3/mol
 51  1    58.8002   1.83120   1930.00   150.000   12.2296   0.00340   59.7630   -0.9628   0.52579   12.2662   -0.0366   10.7744
 52  1    58.8179   1.92080   2010.00   150.000   12.2413   0.00282   60.0772   -1.2593   0.65560   12.2896   -0.0483   17.0973
 53  1    58.9342   1.98800   2070.00   150.000   12.2520   0.00379   60.2625   -1.3283   0.66814   12.3032   -0.0512   13.5015
 54  1    59.1212   2.11120   2180.00   150.000   12.2584   0.00401   60.9525   -1.8313   0.86742   12.3295   -0.0710   17.7089
 55  1    59.2891   2.18960   2250.00   150.000   12.2828   0.00503   60.8638   -1.5747   0.71919   12.3444   -0.0616   12.2357
 56  1    59.3838   2.27920   2330.00   150.000   12.2963   0.00797   61.1415   -1.7577   0.77118   12.3655   -0.0693   8.68658
 57  1    63.7709   1.12560   1300.00   150.000   11.9339   0.00325   63.2175   0.55344   0.49169   11.9156   0.01835   5.64239
 58  1    63.6024   1.17040   1340.00   150.000   11.9447   0.00340   63.2019   0.40046   0.34216   11.9314   0.01336   3.92659
 59  1    63.4838   1.26000   1420.00   150.000   11.9513   0.00291   63.6236   -0.1398   0.11099   11.9560   -0.0047   1.61595
 60  1    63.4353   1.32720   1480.00   150.000   11.9543   0.00321   63.9987   -0.5634   0.42449   11.9733   -0.0190   5.91425
 61  1    63.4263   1.40560   1550.00   150.000   11.9587   0.00173   64.4103   -0.9840   0.70008   11.9921   -0.0334   19.3183
 62  1    63.4708   1.49520   1630.00   150.000   11.9641   0.00191   64.8731   -1.4023   0.93789   12.0119   -0.0478   24.9883
 63  1    63.4788   1.55120   1680.00   150.000   11.9715   0.00200   65.0411   -1.5623   1.00718   12.0250   -0.0535   26.7337
 64  1    63.4561   1.64080   1760.00   150.000   11.9934   0.00234   65.0183   -1.5621   0.95207   12.0474   -0.0540   23.0923
 65  1    63.4578   1.71920   1830.00   150.000   12.0151   0.00190   64.9303   -1.4725   0.85650   12.0665   -0.0513   27.0462
 66  1    63.4820   1.79760   1900.00   150.000   12.0372   0.00200   64.8376   -1.3556   0.75412   12.0849   -0.0477   23.8887
 67  1    63.4522   1.88720   1980.00   150.000   12.0589   0.00209   64.8400   -1.3878   0.73538   12.1082   -0.0493   23.5708
 68  1    63.5647   1.97680   2060.00   150.000   12.0863   0.00276   64.6886   -1.1239   0.56856   12.1266   -0.0403   14.6126
 69  1    63.7663   2.11120   2180.00   150.000   12.1088   0.00246   64.9927   -1.2264   0.58092   12.1533   -0.0444   18.0436
 70  1    63.8600   2.22320   2280.00   150.000   12.1322   0.00476   65.1253   -1.2654   0.56917   12.1785   -0.0463   9.73741
 71  1    63.9175   2.32400   2370.00   150.000   12.1588   0.00333   65.0963   -1.1789   0.50725   12.2024   -0.0436   13.0799
 72  1    64.2285   2.38000   2420.00   150.000   12.1796   0.00397   64.9234   -0.6949   0.29198   12.2054   -0.0258   6.50702
 73  1    64.2644   2.48080   2510.00   150.000   12.2196   0.00305   64.5541   -0.2897   0.11679   12.2305   -0.0109   3.57871
 74  1    64.1073   2.51440   2540.00   150.000   12.2416   0.00389   64.2038   -0.0965   0.03837   12.2453   -0.0037   0.94201
 75  1    83.7593   1.26000   1420.00   150.000   11.3323   0.00310   84.7698   -1.0104   0.80194   11.3584   -0.0261   8.41881
 76  1    83.8346   1.33840   1490.00   150.000   11.3411   0.00342   84.9687   -1.1341   0.84733   11.3705   -0.0294   8.59708
 77  1    83.9210   1.41680   1560.00   150.000   11.3796   0.00341   84.0277   -0.1067   0.07528   11.3824   -0.0028   0.82080
 78  1    84.2479   1.55120   1680.00   150.000   11.3835   0.00317   84.8111   -0.5632   0.36307   11.3983   -0.0148   4.68232
 79  1    84.3992   1.61840   1740.00   150.000   11.3960   0.00245   84.7988   -0.3995   0.24686   11.4066   -0.0106   4.30942
 80  1    84.4442   1.69680   1810.00   150.000   11.4172   0.00298   84.5454   -0.1012   0.05967   11.4199   -0.0027   0.90452
 81  1    84.4649   1.77520   1880.00   150.000   11.4407   0.00254   84.2086   0.25635   0.14440   11.4339   0.00689   2.70959
 82  1    84.4635   1.86480   1960.00   150.000   11.4700   0.00311   83.7524   0.71104   0.38130   11.4507   0.01931   6.20530
 83  1    84.4695   1.97680   2060.00   150.000   11.4938   0.00347   83.6618   0.80769   0.40858   11.4716   0.02215   6.37525
 84  1    84.3718   2.10000   2170.00   150.000   11.5203   0.00710   83.5600   0.81179   0.38657   11.4978   0.02252   3.17348
 85  1    84.3526   2.17840   2240.00   150.000   11.5095   0.00636   84.4943   -0.1417   0.06504   11.5135   -0.0039   0.61891
 86  1    84.3375   2.27920   2330.00   150.000   11.5130   0.00536   85.0716   -0.7342   0.32211   11.5335   -0.0205   3.82079
 87  1    84.6732   2.40240   2440.00   150.000   11.5496   0.00623   84.6212   0.05206   0.02167   11.5481   0.00147   0.23558
 88  1    84.6227   2.48080   2510.00   150.000   11.5596   0.00717   84.8161   -0.1934   0.07794   11.5650   -0.0055   0.76534
 89  1    92.4086   1.47280   1610.00   150.000   11.2253   0.00678   90.5059   1.90271   1.29190   11.1792   0.04611   6.79692
 90  1    92.4186   1.69680   1810.00   150.000   11.2230   0.00358   92.1533   0.26530   0.15635   11.2165   0.00648   1.81174
 91  1    92.8268   1.80880   1910.00   150.000   11.2114   0.00237   93.4035   -0.5767   0.31884   11.2255   -0.0141   5.94316
 92  1    92.8125   1.57360   1700.00   150.000   11.1689   0.00178   93.5366   -0.7241   0.46012   11.1863   -0.0174   9.74360
 93  1    92.7971   1.46160   1600.00   150.000   11.1518   0.00176   93.4824   -0.6853   0.46889   11.1681   -0.0163   9.27677
 94  1    93.0799   1.75280   1860.00   150.000   11.1819   0.00201   94.2348   -1.1549   0.65889   11.2098   -0.0279   13.8813
 95  1    93.2651   1.84240   1940.00   150.000   11.1915   0.00212   94.4577   -1.1926   0.64729   11.2205   -0.0290   13.6571
 96  1    93.4954   1.95440   2040.00   150.000   11.2112   0.00321   94.4217   -0.9263   0.47396   11.2339   -0.0227   7.06726
 97  1    93.6135   2.04400   2120.00   150.000   11.2305   0.00254   94.2570   -0.6435   0.31481   11.2463   -0.0159   6.23621
 98  1    93.7267   2.16720   2230.00   150.000   11.2545   0.00216   94.1383   -0.4115   0.18988   11.2648   -0.0102   4.73759
 99  1    94.0063   2.34640   2390.00   150.000   11.2763   0.00251   94.5143   -0.5080   0.21652   11.2890   -0.0128   5.08144
100  1    94.0082   2.44720   2480.00   150.000   11.3218   0.00372   93.4154   0.59279   0.24223   11.3067   0.01510   4.06024
<-------------------------Observed Values---------------------------><----------------Calculated Values ----------------------->
  N USE         P      esdP      T(K)      esdT       V      esd(V)      Pcal    deltaP delta/esd    V  cal    deltaV   delV/esd
              GPA                                  CM^3/MOL               GPa                       cm^3/mol
101  1    94.2592   2.52560   2550.00   150.000   11.3218   0.00436   93.9639   0.29530   0.11692   11.3142   0.00754   1.72996
102  1    108.263   1.60720   1730.00   150.000   10.7924   0.00317   110.940   -2.6772   1.66575   10.8471   -0.0547   17.2623
103  1    108.554   1.68560   1800.00   150.000   10.7941   0.00283   111.402   -2.8475   1.68933   10.8523   -0.0582   20.5580
104  1    109.100   1.87600   1970.00   150.000   10.8122   0.00211   111.824   -2.7245   1.45231   10.8684   -0.0562   26.6513
105  1    109.347   1.61840   1740.00   150.000   10.7958   0.00192   110.851   -1.5040   0.92934   10.8264   -0.0306   15.9426
106  1    109.266   1.49520   1630.00   150.000   10.7874   0.00176   110.415   -1.1495   0.76882   10.8107   -0.0233   13.2380
107  1    109.210   1.39440   1540.00   150.000   10.7763   0.00180   110.273   -1.0623   0.76181   10.7977   -0.0214   11.8748
108  1    109.146   1.28240   1440.00   150.000   10.7660   0.00176   110.017   -0.8707   0.67899   10.7834   -0.0174   9.88308
109  1    109.052   1.17040   1340.00   150.000   10.7582   0.00195   109.642   -0.5907   0.50468   10.7699   -0.0118   6.03910
110  1    109.097   1.17040   1340.00   150.000   10.7565   0.00201   109.729   -0.6314   0.53951   10.7690   -0.0126   6.23532
111  1    109.504   1.57360   1700.00   150.000   10.7856   0.00200   111.049   -1.5444   0.98145   10.8168   -0.0313   15.6663
112  1    109.609   1.68560   1800.00   150.000   10.7949   0.00190   111.358   -1.7490   1.03760   10.8305   -0.0356   18.7470
113  1    109.780   1.74160   1850.00   150.000   10.7970   0.00186   111.644   -1.8638   1.07017   10.8350   -0.0380   20.4336
114  1    109.961   1.89840   1990.00   150.000   10.8106   0.00205   112.060   -2.0996   1.10598   10.8537   -0.0431   21.0039
115  1    110.057   1.98800   2070.00   150.000   10.8249   0.00238   111.981   -1.9242   0.96793   10.8646   -0.0397   16.6806
116  1    110.219   2.08880   2160.00   150.000   10.8502   0.00258   111.452   -1.2327   0.59014   10.8758   -0.0257   9.96083
117  1    110.303   2.18960   2250.00   150.000   10.8687   0.00300   111.262   -0.9589   0.43791   10.8888   -0.0201   6.69430
118  1    110.562   2.26800   2320.00   150.000   10.8740   0.00369   111.554   -0.9918   0.43731   10.8948   -0.0209   5.65671
119  1    110.756   2.36880   2410.00   150.000   10.8899   0.00549   111.496   -0.7400   0.31239   10.9056   -0.0157   2.85313
120  1    110.707   2.49200   2520.00   150.000   10.9344   0.00455   110.264   0.44227   0.17748   10.9249   0.00949   2.08429
121  1    110.928   2.57040   2590.00   150.000   10.9509   0.00494   110.044   0.88441   0.34408   10.9319   0.01909   3.86367
122  1    115.855   1.70800   1820.00   150.000   10.6053   0.00627   121.321   -5.4659   3.20018   10.7090   -0.1036   16.5396
123  1    116.306   1.71920   1830.00   150.000   10.5870   0.00644   122.393   -6.0871   3.54068   10.7017   -0.1147   17.8243
124  1    116.740   1.90960   2000.00   150.000   10.6021   0.00547   122.889   -6.1486   3.21986   10.7189   -0.1168   21.3383
125  1    117.407   1.97680   2060.00   150.000   10.6257   0.00423   122.090   -4.6827   2.36881   10.7150   -0.0893   21.1007
126  1    117.832   2.13360   2200.00   150.000   10.6405   0.00487   122.385   -4.5524   2.13368   10.7279   -0.0874   17.9558
127  1    118.498   2.30160   2350.00   150.000   10.6947   0.00651   120.709   -2.2108   0.96056   10.7378   -0.0431   6.61864
128  1    118.847   2.39120   2430.00   150.000   10.6960   0.00459   121.264   -2.4172   1.01089   10.7432   -0.0472   10.2692
129  1    118.550   1.90960   2000.00   150.000   10.6173   0.00962   122.075   -3.5244   1.84562   10.6839   -0.0666   6.92393
130  1    118.524   1.79760   1900.00   150.000   10.6006   0.00661   122.196   -3.6716   2.04248   10.6695   -0.0689   10.4195
131  1    118.494   1.68560   1800.00   150.000   10.5952   0.00854   121.712   -3.2178   1.90902   10.6554   -0.0601   7.03734
132  1    118.350   1.57360   1700.00   150.000   10.5937   0.00797   121.022   -2.6717   1.69785   10.6435   -0.0498   6.24720
133  1    118.373   1.46160   1600.00   150.000   10.5816   0.00963   120.910   -2.5376   1.73621   10.6285   -0.0470   4.87992
134  1    118.240   1.23760   1400.00   150.000   10.5806   0.00776   119.425   -1.1845   0.95711   10.6023   -0.0218   2.80732
135  1    128.752   1.15920   1330.00   150.000   10.4041   0.00358   128.936   -0.1836   0.15839   10.4072   -0.0031   0.86465
136  1    129.081   1.33840   1490.00   150.000   10.4082   0.00403   129.916   -0.8348   0.62370   10.4224   -0.0142   3.50851
137  1    129.340   1.52880   1660.00   150.000   10.4126   0.00374   130.970   -1.6298   1.06604   10.4404   -0.0278   7.42063
138  1    129.907   1.67440   1790.00   150.000   10.4085   0.00548   132.214   -2.3070   1.37781   10.4479   -0.0394   7.18019
139  1    130.211   1.82000   1920.00   150.000   10.4056   0.00417   133.392   -3.1811   1.74787   10.4600   -0.0544   13.0294
140  1    130.971   2.02160   2100.00   150.000   10.4077   0.00481   134.666   -3.6952   1.82788   10.4711   -0.0634   13.1882
141  1    131.695   2.17840   2240.00   150.000   10.4277   0.00481   134.577   -2.8812   1.32262   10.4774   -0.0497   10.3310
142  1    132.596   2.40240   2440.00   150.000   10.4588   0.00461   134.322   -1.7263   0.71856   10.4889   -0.0301   6.52878
143  1    148.509   1.20400   1370.00   150.000   10.0719   0.00428   150.553   -2.0443   1.69796   10.1016   -0.0297   6.93481
144  1    148.906   1.42800   1570.00   150.000   10.0723   0.00384   152.063   -3.1570   2.21079   10.1183   -0.0461   11.9872
145  1    149.347   1.60720   1730.00   150.000   10.0751   0.00383   153.098   -3.7511   2.33394   10.1300   -0.0549   14.3489
146  1    149.948   1.79760   1900.00   150.000   10.0741   0.00659   154.482   -4.5337   2.52210   10.1406   -0.0665   10.0919
147  1    68.9000   0.40000   300.000   0.00000   11.5490   0.00452   68.4851   0.41492   1.03731   11.5373   0.01162   2.57369
148  1    84.8000   0.40000   300.000   0.00000   11.0747   0.00452   87.2503   -2.4503   6.12566   11.1313   -0.0566   12.5262
149  1    101.100   0.20000   300.000   0.00000   10.7345   0.00452   103.372   -2.2716   11.3578   10.7794   -0.0449   9.94002
150  1    70.3000   0.10000   300.000   0.00000   11.4752   0.00301   71.1542   -0.8542   8.54179   11.4985   -0.0234   7.75591
151  1    39.0000   0.10000   300.000   0.00000   12.4839   0.00452   41.0461   -2.0461   20.4606   12.5709   -0.0870   19.2599
152  1    44.3000   0.10000   300.000   0.00000   12.3062   0.00452   45.4617   -1.1617   11.6168   12.3517   -0.0455   10.0692
153  1    112.300   0.50000   300.000   0.00000   10.5297   0.00903   114.343   -2.0426   4.08528   10.5664   -0.0367   4.06218
154  1    130.600   0.50000   300.000   0.00000   10.2753   0.00903   129.503   1.09727   2.19455   10.2580   0.01729   1.91459
155  1    148.500   0.60000   300.000   0.00000   10.0103   0.00753   147.337   1.16304   1.93840   9.99413   0.01618   2.14877
156  1    170.500   0.60000   300.000   0.00000   9.74232   0.00753   167.824   2.67636   4.46060   9.70974   0.03257   4.32732
157  1    185.500   0.60000   300.000   0.00000   9.47283   0.00753   191.309   -5.8088   9.68129   9.53622   -0.0634   8.42178
158  1    198.200   0.60000   300.000   0.00000   9.37948   0.00753   200.202   -2.0022   3.33707   9.40012   -0.0206   2.74155
159  1    214.500   0.60000   300.000   0.00000   9.23043   0.00753   215.297   -0.7966   1.32769   9.23803   -0.0076   1.00845

EOSFIT-7.6>fit
     159 data for V will be used in least-squares
 
 
  EOS Information
-------------------
 
    Title: 
Eos Saved:  3-OCT-2026 at 10:35
 
   System: 
    Class: Volume
   Pscale: GPa
   Vscale: cm^3/mol
   Stoichiometry:            1.000
 
  Compressibility
-------------------
 
    Model: Birch-Murnaghan
    Order:  3
   Pressure of reference:    0.000
 
      V0:  15.4000           :Reference pressure volume: units are cm^3/mol
      K0:  115.500           :Bulk modulus: units are GPa
      Kp:  4.99000           :dK/dP: dimensionless
     Kpp: -0.0507            :d2K/dP2: units are inverse GPa [IMPLIED VALUE]
 
 
  Thermal Expansion
-------------------
 
   Model: Mie-Gruneisen-Debye
 
   Temperature of reference:   300.00 K
 
   ThMGD:  417.000           :Debye temperature in K
   Natom:  2.00000           :Number of atoms per formula unit [FIXED VALUE]
   Gamm0:  2.42000           :Gruneisen parameter at Tref,Pref
       q:  1.00000           :Gruneisen power law in V/V0
 
  Scale factors for data groups
---------------------------------
   Sca 1:  1.00000           :Scale factor for data group 1 [FIXED VALUE]
 
    Do you want to change these EoS parameters or the EoS type? (Y/N) <N>?n

 SELECT PARAMETERS TO REFINE IN LEAST-SQUARES FIT:
           REFINE V0     (Y/N)?y
           REFINE K0     (Y/N)?y
           REFINE Kp     (Y/N)?y
     Parameters for thermal model
           REFINE ThMGD  (Y/N)?n
           REFINE Gamm0  (Y/N)?y
           REFINE q      (Y/N)?n

 SELECT WEIGHTING SCHEME:
     SIGMAS FOR P   PRESENT, USE IN WEIGHTS (Y/N)?n
     SIGMAS FOR T   PRESENT, USE IN WEIGHTS (Y/N)?n
     SIGMAS FOR V   PRESENT, USE IN WEIGHTS (Y/N)?n

     EQUATION FITTED WITH UNIT WEIGHTS FOR ALL DATA




   RESULTS FROM CYCLE  1
 PARA REF          NEW            SHIFT            E.S.D.       SHIFT/ERROR
 V0      1        15.99365          0.59365          0.11287           5.26
 K0      1        77.56387        -37.93612          7.41800          -5.11
 Kp      1         5.62378          0.63378          0.16508           3.84
 Kpp     0        -0.10507  [IMPLIED VALUE]
     Parameters for thermal model
 ThMGD   0       417.00000  [NOT REFINED]
 Natom   0         2.00000  [FIXED VALUE]
 Gamm0   1         2.47303          0.05303          0.10419           0.51
 q       0         1.00000  [NOT REFINED]
     Dataset scale factors
 Sca 1   0         1.00000  [FIXED VALUE]
  REFERENCE TEMPERATURE = 300.00
  UNIT WEIGHTS USED: NO W-CHI^2 CALCULATED


   RESULTS FROM CYCLE  2
 PARA REF          NEW            SHIFT            E.S.D.       SHIFT/ERROR
 V0      1        16.20777          0.21412          0.60696           0.35
 K0      1        74.91301         -2.65087         26.05166          -0.10
 Kp      1         5.86821          0.24443          0.86273           0.28
 Kpp     0        -0.12344  [IMPLIED VALUE]
     Parameters for thermal model
 ThMGD   0       417.00000  [NOT REFINED]
 Natom   0         2.00000  [FIXED VALUE]
 Gamm0   1         2.51315          0.04012          0.35074           0.11
 q       0         1.00000  [NOT REFINED]
     Dataset scale factors
 Sca 1   0         1.00000  [FIXED VALUE]
  REFERENCE TEMPERATURE = 300.00
  UNIT WEIGHTS USED: NO W-CHI^2 CALCULATED


   RESULTS FROM CYCLE  3
 PARA REF          NEW            SHIFT            E.S.D.       SHIFT/ERROR
 V0      1        16.20989          0.00212          0.14347           0.01
 K0      1        74.65542         -0.25759          5.91075          -0.04
 Kp      1         5.87551          0.00731          0.20559           0.04
 Kpp     0        -0.12433  [IMPLIED VALUE]
     Parameters for thermal model
 ThMGD   0       417.00000  [NOT REFINED]
 Natom   0         2.00000  [FIXED VALUE]
 Gamm0   1         2.51501          0.00186          0.07874           0.02
 q       0         1.00000  [NOT REFINED]
     Dataset scale factors
 Sca 1   0         1.00000  [FIXED VALUE]
  REFERENCE TEMPERATURE = 300.00
  UNIT WEIGHTS USED: NO W-CHI^2 CALCULATED


   RESULTS FROM CYCLE  4
 PARA REF          NEW            SHIFT            E.S.D.       SHIFT/ERROR
 V0      1        16.20995          0.00006          0.14340           0.00
 K0      1        74.65259         -0.00282          5.89003          -0.00
 Kp      1         5.87565          0.00014          0.20583           0.00
 Kpp     0        -0.12434  [IMPLIED VALUE]
     Parameters for thermal model
 ThMGD   0       417.00000  [NOT REFINED]
 Natom   0         2.00000  [FIXED VALUE]
 Gamm0   1         2.51506          0.00005          0.07845           0.00
 q       0         1.00000  [NOT REFINED]
     Dataset scale factors
 Sca 1   0         1.00000  [FIXED VALUE]
  REFERENCE TEMPERATURE = 300.00
  UNIT WEIGHTS USED: NO W-CHI^2 CALCULATED


***********************MESSAGE FROM LEAST SQUARES***********************
Least Squares converged, indicated by small shift/esd
************************************************************************



   RESULTS AFTER FINAL REFINEMENT CYCLE
 PARA REF          NEW            SHIFT            E.S.D.       SHIFT/ERROR
 V0      1        16.20995          0.00006          0.14340           0.00
 K0      1        74.65259         -0.00282          5.89003          -0.00
 Kp      1         5.87565          0.00014          0.20583           0.00
 Kpp     0        -0.12434  [IMPLIED VALUE]
     Parameters for thermal model
 ThMGD   0       417.00000  [NOT REFINED]
 Natom   0         2.00000  [FIXED VALUE]
 Gamm0   1         2.51506          0.00005          0.07845           0.00
 q       0         1.00000  [NOT REFINED]
     Dataset scale factors
 Sca 1   0         1.00000  [FIXED VALUE]
  REFERENCE TEMPERATURE = 300.00
  UNIT WEIGHTS USED: NO W-CHI^2 CALCULATED

 INPUT <CR> TO CONTINUE

  THE 159 LOADED DATA ARE AS FOLLOWS:
<-------------------------Observed Values---------------------------><----------------Calculated Values -------------------------------->
  N USE         P      esdP      T(K)      esdT       V      esd(V)      Pcal    deltaP delta/esd    V  cal    deltaV   delV/esd       Wt
              GPA                                  CM^3/MOL               GPa                       cm^3/mol
  1  1    29.5964   1.29360   1450.00   150.000   13.6915   0.00301   29.1753   0.42114   0.32556   13.6599   0.03169   10.5348   1.0000000
  2  1    29.6173   1.38320   1530.00   150.000   13.7501   0.00330   29.0260   0.59123   0.42743   13.7046   0.04548   13.7847   1.0000000
  3  1    29.6810   1.47280   1610.00   150.000   13.7997   0.00363   29.0083   0.67273   0.45677   13.7469   0.05278   14.5538   1.0000000
  4  1    29.9049   1.58480   1710.00   150.000   13.8950   0.00426   28.6005   1.30441   0.82307   13.7896   0.10541   24.7621   1.0000000
  5  1    33.1277   1.09200   1270.00   150.000   13.3755   0.00163   32.2661   0.86160   0.78901   13.3192   0.05628   34.6150   1.0000000
  6  1    33.2312   1.18160   1350.00   150.000   13.4022   0.00199   32.4754   0.75574   0.63959   13.3522   0.05002   25.1017   1.0000000
  7  1    33.4179   1.31600   1470.00   150.000   13.4598   0.00519   32.5450   0.87291   0.66330   13.4007   0.05912   11.3888   1.0000000
  8  1    33.4179   1.31600   1470.00   150.000   13.4598   0.00519   32.5450   0.87291   0.66330   13.4007   0.05912   11.3888   1.0000000
  9  1    41.6518   1.03600   1220.00   150.000   12.8114   0.00274   41.5477   0.10417   0.10055   12.8060   0.00538   1.96205   1.0000000
 10  1    41.7693   1.15920   1330.00   150.000   12.8353   0.00263   41.9270   -0.1576   0.13597   12.8435   -0.0083   3.14576   1.0000000
 11  1    41.6736   1.26000   1420.00   150.000   12.8651   0.00241   42.0477   -0.3741   0.29693   12.8850   -0.0199   8.26963   1.0000000
 12  1    41.9291   1.36080   1510.00   150.000   12.9205   0.00185   41.7047   0.22437   0.16488   12.9083   0.01215   6.55760   1.0000000
 13  1    41.8033   1.43920   1580.00   150.000   12.9557   0.00343   41.5972   0.20612   0.14322   12.9444   0.01134   3.30542   1.0000000
 14  1    41.9176   1.50640   1640.00   150.000   12.9755   0.00226   41.6993   0.21825   0.14488   12.9634   0.01211   5.36559   1.0000000
 15  1    42.1986   1.62960   1750.00   150.000   13.0099   0.00374   41.9302   0.26840   0.16470   12.9948   0.01511   4.04500   1.0000000
 16  1    42.6556   1.78640   1890.00   150.000   13.0421   0.00396   42.4408   0.21488   0.12029   13.0298   0.01228   3.10214   1.0000000
 17  1    45.1681   1.06960   1250.00   150.000   12.6352   0.00424   45.3148   -0.1467   0.13719   12.6422   -0.0070   1.66172   1.0000000
 18  1    44.9994   1.17040   1340.00   150.000   12.6738   0.00406   45.2021   -0.2027   0.17319   12.6837   -0.0099   2.43798   1.0000000
 19  1    44.9909   1.24880   1410.00   150.000   12.6940   0.00419   45.3225   -0.3316   0.26556   12.7104   -0.0164   3.90854   1.0000000
 20  1    44.9010   1.38320   1530.00   150.000   12.7795   0.00235   44.5349   0.36603   0.26462   12.7609   0.01861   7.91375   1.0000000
 21  1    44.8590   1.52880   1660.00   150.000   12.8028   0.00322   45.0774   -0.2184   0.14283   12.8141   -0.0113   3.51066   1.0000000
 22  1    44.9072   1.64080   1760.00   150.000   12.8582   0.00294   44.7846   0.12255   0.07469   12.8517   0.00647   2.19934   1.0000000
 23  1    44.9390   1.74160   1850.00   150.000   12.9173   0.00362   44.3716   0.56745   0.32582   12.8867   0.03059   8.45372   1.0000000
 24  1    45.0022   1.84240   1940.00   150.000   12.9427   0.00392   44.5992   0.40296   0.21871   12.9207   0.02200   5.60714   1.0000000
 25  1    45.0678   1.90960   2000.00   150.000   12.9834   0.00433   44.3248   0.74297   0.38907   12.9423   0.04112   9.49330   1.0000000
 26  1    45.1985   2.02160   2100.00   150.000   13.0166   0.00520   44.5047   0.69377   0.34318   12.9776   0.03898   7.49958   1.0000000
 27  1    45.2392   2.12240   2190.00   150.000   13.1062   0.00466   43.6463   1.59297   0.75055   13.0142   0.09200   19.7244   1.0000000
 28  1    45.3343   2.23440   2290.00   150.000   13.1220   0.00493   44.1500   1.18433   0.53004   13.0528   0.06922   14.0465   1.0000000
 29  1    54.1843   1.03600   1220.00   150.000   12.2175   0.00381   54.6621   -0.4778   0.46115   12.2366   -0.0191   5.00579   1.0000000
 30  1    54.2740   1.08080   1260.00   150.000   12.2301   0.00219   54.6521   -0.3781   0.34981   12.2452   -0.0152   6.92617   1.0000000
 31  1    54.2970   1.17040   1340.00   150.000   12.2500   0.00200   54.7650   -0.4680   0.39988   12.2690   -0.0190   9.50417   1.0000000
 32  1    54.2284   1.27120   1430.00   150.000   12.2737   0.00174   54.8659   -0.6374   0.50143   12.2999   -0.0262   15.0065   1.0000000
 33  1    54.1407   1.32720   1480.00   150.000   12.3063   0.00205   54.4570   -0.3163   0.23834   12.3194   -0.0131   6.40812   1.0000000
 34  1    54.1687   1.43920   1580.00   150.000   12.3363   0.00247   54.5007   -0.3319   0.23063   12.3503   -0.0140   5.66332   1.0000000
 35  1    54.2215   1.55120   1680.00   150.000   12.3764   0.00333   54.3213   -0.0998   0.06436   12.3806   -0.0043   1.28425   1.0000000
 36  1    54.2202   1.62960   1750.00   150.000   12.4062   0.00459   54.1643   0.05590   0.03430   12.4038   0.00242   0.52799   1.0000000
 37  1    54.2211   1.69680   1810.00   150.000   12.4249   0.00480   54.1947   0.02639   0.01555   12.4238   0.00115   0.24040   1.0000000
 38  1    54.2430   1.77520   1880.00   150.000   12.4580   0.00387   53.9792   0.26380   0.14860   12.4464   0.01166   3.01101   1.0000000
 39  1    54.2302   1.84240   1940.00   150.000   12.4695   0.00403   54.1830   0.04720   0.02562   12.4674   0.00210   0.52219   1.0000000
 40  1    54.2358   1.93200   2020.00   150.000   12.4931   0.00415   54.2709   -0.0350   0.01813   12.4947   -0.0016   0.37979   1.0000000
 41  1    54.2892   2.04400   2120.00   150.000   12.5415   0.00433   53.9765   0.31271   0.15299   12.5271   0.01434   3.30836   1.0000000
 42  1    54.2243   2.13360   2200.00   150.000   12.5877   0.00492   53.5973   0.62697   0.29386   12.5585   0.02926   5.94471   1.0000000
 43  1    57.9981   1.12560   1300.00   150.000   12.0885   0.00309   58.6083   -0.6102   0.54209   12.1115   -0.0230   7.45842   1.0000000
 44  1    58.0563   1.24880   1410.00   150.000   12.1192   0.00340   58.6328   -0.5765   0.46164   12.1413   -0.0221   6.50025   1.0000000
 45  1    58.0852   1.30480   1460.00   150.000   12.1072   0.00322   59.3292   -1.2440   0.95342   12.1549   -0.0476   14.8067   1.0000000
 46  1    58.1264   1.37200   1520.00   150.000   12.1205   0.00278   59.4372   -1.3108   0.95536   12.1711   -0.0505   18.1727   1.0000000
 47  1    58.2363   1.49520   1630.00   150.000   12.1345   0.00286   59.9117   -1.6754   1.12052   12.1998   -0.0652   22.7802   1.0000000
 48  1    58.3077   1.57360   1700.00   150.000   12.1414   0.00286   60.2677   -1.9600   1.24557   12.2182   -0.0767   26.8820   1.0000000
 49  1    58.5404   1.65200   1770.00   150.000   12.1618   0.00263   60.2770   -1.7366   1.05124   12.2303   -0.0685   26.0053   1.0000000
 50  1    58.6663   1.74160   1850.00   150.000   12.2158   0.00254   59.5183   -0.8520   0.48922   12.2500   -0.0342   13.4495   1.0000000
<-------------------------Observed Values---------------------------><----------------Calculated Values -------------------------------->
  N USE         P      esdP      T(K)      esdT       V      esd(V)      Pcal    deltaP delta/esd    V  cal    deltaV   delV/esd       Wt
              GPA                                  CM^3/MOL               GPa                       cm^3/mol
 51  1    58.8002   1.83120   1930.00   150.000   12.2296   0.00340   59.7863   -0.9861   0.53849   12.2694   -0.0398   11.7206   1.0000000
 52  1    58.8179   1.92080   2010.00   150.000   12.2413   0.00282   60.1094   -1.2914   0.67235   12.2939   -0.0526   18.6360   1.0000000
 53  1    58.9342   1.98800   2070.00   150.000   12.2520   0.00379   60.3043   -1.3701   0.68920   12.3082   -0.0561   14.8100   1.0000000
 54  1    59.1212   2.11120   2180.00   150.000   12.2584   0.00401   60.9921   -1.8709   0.88616   12.3357   -0.0772   19.2527   1.0000000
 55  1    59.2891   2.18960   2250.00   150.000   12.2828   0.00503   60.9329   -1.6438   0.75073   12.3513   -0.0685   13.6013   1.0000000
 56  1    59.3838   2.27920   2330.00   150.000   12.2963   0.00797   61.2223   -1.8385   0.80666   12.3734   -0.0772   9.68258   1.0000000
 57  1    63.7709   1.12560   1300.00   150.000   11.9339   0.00325   62.8693   0.90158   0.80098   11.9025   0.03136   9.64167   1.0000000
 58  1    63.6024   1.17040   1340.00   150.000   11.9447   0.00340   62.8648   0.73755   0.63016   11.9189   0.02581   7.58961   1.0000000
 59  1    63.4838   1.26000   1420.00   150.000   11.9513   0.00291   63.2864   0.19738   0.15665   11.9444   0.00696   2.39505   1.0000000
 60  1    63.4353   1.32720   1480.00   150.000   11.9543   0.00321   63.6586   -0.2233   0.16825   11.9623   -0.0079   2.46276   1.0000000
 61  1    63.4263   1.40560   1550.00   150.000   11.9587   0.00173   64.0683   -0.6420   0.45675   11.9816   -0.0229   13.2486   1.0000000
 62  1    63.4708   1.49520   1630.00   150.000   11.9641   0.00191   64.5296   -1.0589   0.70817   12.0020   -0.0379   19.8407   1.0000000
 63  1    63.4788   1.55120   1680.00   150.000   11.9715   0.00200   64.7029   -1.2242   0.78917   12.0156   -0.0441   22.0377   1.0000000
 64  1    63.4561   1.64080   1760.00   150.000   11.9934   0.00234   64.7037   -1.2476   0.76037   12.0388   -0.0454   19.4157   1.0000000
 65  1    63.4578   1.71920   1830.00   150.000   12.0151   0.00190   64.6404   -1.1826   0.68787   12.0586   -0.0434   22.8839   1.0000000
 66  1    63.4820   1.79760   1900.00   150.000   12.0372   0.00200   64.5729   -1.0910   0.60691   12.0777   -0.0404   20.2707   1.0000000
 67  1    63.4522   1.88720   1980.00   150.000   12.0589   0.00209   64.5992   -1.1470   0.60775   12.1019   -0.0430   20.5556   1.0000000
 68  1    63.5647   1.97680   2060.00   150.000   12.0863   0.00276   64.4803   -0.9156   0.46317   12.1209   -0.0347   12.5703   1.0000000
 69  1    63.7663   2.11120   2180.00   150.000   12.1088   0.00246   64.8053   -1.0390   0.49214   12.1486   -0.0398   16.1567   1.0000000
 70  1    63.8600   2.22320   2280.00   150.000   12.1322   0.00476   64.9623   -1.1024   0.49585   12.1749   -0.0427   8.97439   1.0000000
 71  1    63.9175   2.32400   2370.00   150.000   12.1588   0.00333   64.9640   -1.0466   0.45034   12.1998   -0.0410   12.2963   1.0000000
 72  1    64.2285   2.38000   2420.00   150.000   12.1796   0.00397   64.8173   -0.5888   0.24739   12.2028   -0.0232   5.83953   1.0000000
 73  1    64.2644   2.48080   2510.00   150.000   12.2196   0.00305   64.4991   -0.2347   0.09460   12.2289   -0.0094   3.07394   1.0000000
 74  1    64.1073   2.51440   2540.00   150.000   12.2416   0.00389   64.1792   -0.0719   0.02859   12.2445   -0.0029   0.74444   1.0000000
 75  1    83.7593   1.26000   1420.00   150.000   11.3323   0.00310   83.5446   0.21472   0.17041   11.3266   0.00570   1.83965   1.0000000
 76  1    83.8346   1.33840   1490.00   150.000   11.3411   0.00342   83.7464   0.08823   0.06592   11.3387   0.00235   0.68722   1.0000000
 77  1    83.9210   1.41680   1560.00   150.000   11.3796   0.00341   82.8489   1.07208   0.75669   11.3507   0.02894   8.49468   1.0000000
 78  1    84.2479   1.55120   1680.00   150.000   11.3835   0.00317   83.6229   0.62497   0.40289   11.3665   0.01695   5.35195   1.0000000
 79  1    84.3992   1.61840   1740.00   150.000   11.3960   0.00245   83.6206   0.77866   0.48113   11.3748   0.02122   8.65266   1.0000000
 80  1    84.4442   1.69680   1810.00   150.000   11.4172   0.00298   83.3881   1.05608   0.62239   11.3881   0.02901   9.72749   1.0000000
 81  1    84.4649   1.77520   1880.00   150.000   11.4407   0.00254   83.0757   1.38926   0.78259   11.4022   0.03850   15.1394   1.0000000
 82  1    84.4635   1.86480   1960.00   150.000   11.4700   0.00311   82.6511   1.81240   0.97190   11.4192   0.05078   16.3203   1.0000000
 83  1    84.4695   1.97680   2060.00   150.000   11.4938   0.00347   82.5824   1.88708   0.95461   11.4403   0.05343   15.3783   1.0000000
 84  1    84.3718   2.10000   2170.00   150.000   11.5203   0.00710   82.5058   1.86603   0.88858   11.4669   0.05348   7.53704   1.0000000
 85  1    84.3526   2.17840   2240.00   150.000   11.5095   0.00636   83.4170   0.93560   0.42949   11.4827   0.02685   4.22315   1.0000000
 86  1    84.3375   2.27920   2330.00   150.000   11.5130   0.00536   83.9893   0.34821   0.15278   11.5029   0.01005   1.87341   1.0000000
 87  1    84.6732   2.40240   2440.00   150.000   11.5496   0.00623   83.5787   1.09450   0.45559   11.5177   0.03196   5.13018   1.0000000
 88  1    84.6227   2.48080   2510.00   150.000   11.5596   0.00717   83.7802   0.84251   0.33961   11.5348   0.02476   3.45095   1.0000000
 89  1    92.4086   1.47280   1610.00   150.000   11.2253   0.00678   89.1155   3.29310   2.23594   11.1437   0.08169   12.0407   1.0000000
 90  1    92.4186   1.69680   1810.00   150.000   11.2230   0.00358   90.7357   1.68288   0.99180   11.1809   0.04210   11.7663   1.0000000
 91  1    92.8268   1.80880   1910.00   150.000   11.2114   0.00237   91.9592   0.86755   0.47963   11.1897   0.02169   9.15590   1.0000000
 92  1    92.8125   1.57360   1700.00   150.000   11.1689   0.00178   92.0626   0.74986   0.47653   11.1505   0.01839   10.3229   1.0000000
 93  1    92.7971   1.46160   1600.00   150.000   11.1518   0.00176   91.9990   0.79801   0.54599   11.1324   0.01941   11.0464   1.0000000
 94  1    93.0799   1.75280   1860.00   150.000   11.1819   0.00201   92.7585   0.32138   0.18335   11.1740   0.00795   3.95381   1.0000000
 95  1    93.2651   1.84240   1940.00   150.000   11.1915   0.00212   92.9843   0.28085   0.15243   11.1845   0.00698   3.29226   1.0000000
 96  1    93.4954   1.95440   2040.00   150.000   11.2112   0.00321   92.9622   0.53320   0.27282   11.1979   0.01335   4.16581   1.0000000
 97  1    93.6135   2.04400   2120.00   150.000   11.2305   0.00254   92.8135   0.80009   0.39143   11.2103   0.02019   7.94375   1.0000000
 98  1    93.7267   2.16720   2230.00   150.000   11.2545   0.00216   92.7139   1.01285   0.46735   11.2287   0.02582   11.9535   1.0000000
 99  1    94.0063   2.34640   2390.00   150.000   11.2763   0.00251   93.1009   0.90540   0.38587   11.2529   0.02333   9.29097   1.0000000
100  1    94.0082   2.44720   2480.00   150.000   11.3218   0.00372   92.0529   1.95525   0.79898   11.2707   0.05114   13.7497   1.0000000
<-------------------------Observed Values---------------------------><----------------Calculated Values -------------------------------->
  N USE         P      esdP      T(K)      esdT       V      esd(V)      Pcal    deltaP delta/esd    V  cal    deltaV   delV/esd       Wt
              GPA                                  CM^3/MOL               GPa                       cm^3/mol
101  1    94.2592   2.52560   2550.00   150.000   11.3218   0.00436   92.5937   1.66543   0.65942   11.2781   0.04364   10.0174   1.0000000
102  1    108.263   1.60720   1730.00   150.000   10.7924   0.00317   109.026   -0.7634   0.47498   10.8082   -0.0158   4.98393   1.0000000
103  1    108.554   1.68560   1800.00   150.000   10.7941   0.00283   109.481   -0.9269   0.54991   10.8132   -0.0192   6.77534   1.0000000
104  1    109.100   1.87600   1970.00   150.000   10.8122   0.00211   109.902   -0.8025   0.42776   10.8290   -0.0168   7.95022   1.0000000
105  1    109.347   1.61840   1740.00   150.000   10.7958   0.00192   108.940   0.40754   0.25182   10.7874   0.00839   4.37234   1.0000000
106  1    109.266   1.49520   1630.00   150.000   10.7874   0.00176   108.509   0.75696   0.50626   10.7719   0.01549   8.82155   1.0000000
107  1    109.210   1.39440   1540.00   150.000   10.7763   0.00180   108.366   0.84418   0.60541   10.7591   0.01718   9.54564   1.0000000
108  1    109.146   1.28240   1440.00   150.000   10.7660   0.00176   108.113   1.03287   0.80542   10.7451   0.02089   11.8550   1.0000000
109  1    109.052   1.17040   1340.00   150.000   10.7582   0.00195   107.744   1.30729   1.11696   10.7319   0.02631   13.5152   1.0000000
110  1    109.097   1.17040   1340.00   150.000   10.7565   0.00201   107.829   1.26820   1.08356   10.7310   0.02550   12.6610   1.0000000
111  1    109.504   1.57360   1700.00   150.000   10.7856   0.00200   109.131   0.37280   0.23691   10.7779   0.00764   3.82723   1.0000000
112  1    109.609   1.68560   1800.00   150.000   10.7949   0.00190   109.438   0.17075   0.10130   10.7914   0.00352   1.85266   1.0000000
113  1    109.780   1.74160   1850.00   150.000   10.7970   0.00186   109.720   0.05984   0.03436   10.7958   0.00124   0.66421   1.0000000
114  1    109.961   1.89840   1990.00   150.000   10.8106   0.00205   110.134   -0.1736   0.09144   10.8142   -0.0036   1.75783   1.0000000
115  1    110.057   1.98800   2070.00   150.000   10.8249   0.00238   110.061   -0.0039   0.00195   10.8250  -0.00008   0.03362   1.0000000
116  1    110.219   2.08880   2160.00   150.000   10.8502   0.00258   109.548   0.67110   0.32128   10.8360   0.01416   5.49568   1.0000000
117  1    110.303   2.18960   2250.00   150.000   10.8687   0.00300   109.368   0.93505   0.42704   10.8488   0.01988   6.61749   1.0000000
118  1    110.562   2.26800   2320.00   150.000   10.8740   0.00369   109.658   0.90413   0.39865   10.8547   0.01928   5.22868   1.0000000
119  1    110.756   2.36880   2410.00   150.000   10.8899   0.00549   109.607   1.14855   0.48487   10.8653   0.02464   4.49084   1.0000000
120  1    110.707   2.49200   2520.00   150.000   10.9344   0.00455   108.414   2.29310   0.92018   10.8844   0.04996   10.9694   1.0000000
121  1    110.928   2.57040   2590.00   150.000   10.9509   0.00494   108.204   2.72399   1.05975   10.8913   0.05968   12.0823   1.0000000
122  1    115.855   1.70800   1820.00   150.000   10.6053   0.00627   119.219   -3.3642   1.96966   10.6696   -0.0643   10.2605   1.0000000
123  1    116.306   1.71920   1830.00   150.000   10.5870   0.00644   120.274   -3.9687   2.30845   10.6624   -0.0754   11.7093   1.0000000
124  1    116.740   1.90960   2000.00   150.000   10.6021   0.00547   120.763   -4.0227   2.10655   10.6791   -0.0770   14.0713   1.0000000
125  1    117.407   1.97680   2060.00   150.000   10.6257   0.00423   119.977   -2.5702   1.30016   10.6751   -0.0494   11.6762   1.0000000
126  1    117.832   2.13360   2200.00   150.000   10.6405   0.00487   120.269   -2.4369   1.14217   10.6877   -0.0472   9.69355   1.0000000
127  1    118.498   2.30160   2350.00   150.000   10.6947   0.00651   118.626   -0.1283   0.05573   10.6972   -0.0025   0.38741   1.0000000
128  1    118.847   2.39120   2430.00   150.000   10.6960   0.00459   119.174   -0.3269   0.13673   10.7025   -0.0064   1.40169   1.0000000
129  1    118.550   1.90960   2000.00   150.000   10.6173   0.00962   119.962   -1.4115   0.73917   10.6441   -0.0269   2.79443   1.0000000
130  1    118.524   1.79760   1900.00   150.000   10.6006   0.00661   120.080   -1.5561   0.86565   10.6300   -0.0294   4.44827   1.0000000
131  1    118.494   1.68560   1800.00   150.000   10.5952   0.00854   119.604   -1.1099   0.65843   10.6161   -0.0209   2.44449   1.0000000
132  1    118.350   1.57360   1700.00   150.000   10.5937   0.00797   118.925   -0.5748   0.36530   10.6045   -0.0108   1.35371   1.0000000
133  1    118.373   1.46160   1600.00   150.000   10.5816   0.00963   118.816   -0.4433   0.30328   10.5898   -0.0083   0.85803   1.0000000
134  1    118.240   1.23760   1400.00   150.000   10.5806   0.00776   117.356   0.88423   0.71447   10.5642   0.01637   2.10911   1.0000000
135  1    128.752   1.15920   1330.00   150.000   10.4041   0.00358   126.747   2.00471   1.72940   10.3702   0.03389   9.45628   1.0000000
136  1    129.081   1.33840   1490.00   150.000   10.4082   0.00403   127.708   1.37288   1.02576   10.3849   0.02332   5.77968   1.0000000
137  1    129.340   1.52880   1660.00   150.000   10.4126   0.00374   128.743   0.59741   0.39077   10.4024   0.01020   2.72548   1.0000000
138  1    129.907   1.67440   1790.00   150.000   10.4085   0.00548   129.968   -0.0608   0.03631   10.4096   -0.0010   0.18963   1.0000000
139  1    130.211   1.82000   1920.00   150.000   10.4056   0.00417   131.128   -0.9172   0.50398   10.4214   -0.0157   3.76433   1.0000000
140  1    130.971   2.02160   2100.00   150.000   10.4077   0.00481   132.382   -1.4115   0.69819   10.4320   -0.0243   5.04826   1.0000000
141  1    131.695   2.17840   2240.00   150.000   10.4277   0.00481   132.290   -0.5942   0.27277   10.4380   -0.0103   2.13550   1.0000000
142  1    132.596   2.40240   2440.00   150.000   10.4588   0.00461   132.034   0.56212   0.23398   10.4490   0.00983   2.13198   1.0000000
143  1    148.509   1.20400   1370.00   150.000   10.0719   0.00428   148.227   0.28127   0.23361   10.0678   0.00406   0.94831   1.0000000
144  1    148.906   1.42800   1570.00   150.000   10.0723   0.00384   149.710   -0.8038   0.56290   10.0839   -0.0117   3.03347   1.0000000
145  1    149.347   1.60720   1730.00   150.000   10.0751   0.00383   150.725   -1.3772   0.85689   10.0952   -0.0200   5.23728   1.0000000
146  1    149.948   1.79760   1900.00   150.000   10.0741   0.00659   152.086   -2.1384   1.18958   10.1053   -0.0312   4.73274   1.0000000
147  1    68.9000   0.40000   300.000   0.00000   11.5490   0.00452   67.7929   1.10715   2.76787   11.5168   0.03212   7.11148   1.0000000
148  1    84.8000   0.40000   300.000   0.00000   11.0747   0.00452   85.9417   -1.1417   2.85419   11.1016   -0.0269   5.96199   1.0000000
149  1    101.100   0.20000   300.000   0.00000   10.7345   0.00452   101.698   -0.5977   2.98874   10.7464   -0.0119   2.64527   1.0000000
150  1    70.3000   0.10000   300.000   0.00000   11.4752   0.00301   70.3604   -0.0604   0.60356   11.4769   -0.0017   0.56598   1.0000000
151  1    39.0000   0.10000   300.000   0.00000   12.4839   0.00452   41.7230   -2.7230   27.2301   12.6085   -0.1246   27.5929   1.0000000
152  1    44.3000   0.10000   300.000   0.00000   12.3062   0.00452   45.8734   -1.5734   15.7344   12.3720   -0.0657   14.5490   1.0000000
153  1    112.300   0.50000   300.000   0.00000   10.5297   0.00903   112.495   -0.1954   0.39081   10.5332   -0.0035   0.39084   1.0000000
154  1    130.600   0.50000   300.000   0.00000   10.2753   0.00903   127.505   3.09467   6.18935   10.2266   0.04871   5.39284   1.0000000
155  1    148.500   0.60000   300.000   0.00000   10.0103   0.00753   145.282   3.21777   5.36296   9.96589   0.04441   5.90016   1.0000000
156  1    170.500   0.60000   300.000   0.00000   9.74232   0.00753   165.845   4.65508   7.75846   9.68642   0.05590   7.42537   1.0000000
157  1    185.500   0.60000   300.000   0.00000   9.47283   0.00753   189.582   -4.0825   6.80410   9.51657   -0.0437   5.81110   1.0000000
158  1    198.200   0.60000   300.000   0.00000   9.37948   0.00753   198.613   -0.4134   0.68906   9.38366   -0.0042   0.55477   1.0000000
159  1    214.500   0.60000   300.000   0.00000   9.23043   0.00753   213.990   0.50999   0.84999   9.22569   0.00475   0.63066   1.0000000

  FITTING STATISTICS FOR 4 PARAMETERS FITTED TO 159 DATA:
      MAXIMUM DELTA-PRESSURE= 4.655


CORRELATION COEFFICIENTS (IN %)
  VARIABLE      V0        K0        Kp        Gamm0
    V0   :     100.0     -97.2      88.3      14.8
    K0   :     -97.2     100.0     -96.7     -34.9
    Kp   :      88.3     -96.7     100.0      52.3
    Gamm0:      14.8     -34.9      52.3     100.0


  VARIANCE-COVARIANCE MATRIX RESCALED
  VARIABLE     V0        K0        Kp        Gamm0
    V0   :   0.02056  -0.82117   0.02605   0.00166
    K0   :  -0.82117  34.69246  -1.17285  -0.16111
    Kp   :   0.02605  -1.17285   0.04237   0.00845
    Gamm0:   0.00166  -0.16111   0.00845   0.00616

 UPDATE EOS PARAMETERS (Y/N)?y
                                       FURTHER CALCULATIONS (Y/N)?n

EOSFIT-7.6>save /Users/clemens/Programming/peritheos/docs/data/fes-eosfit7c/combined-unit/fitted.eos
 
 
  EOS Information
-------------------
 
    Title: 
Eos Saved:  3-OCT-2026 at 10:35
 
   System: 
    Class: Volume
   Pscale: GPa
   Vscale: cm^3/mol
   Stoichiometry:            1.000
 
  Compressibility
-------------------
 
    Model: Birch-Murnaghan
    Order:  3
   Pressure of reference:    0.000
 
      V0:  16.21(14)         :Reference pressure volume: units are cm^3/mol
      K0:  75(6)             :Bulk modulus: units are GPa
      Kp:  5.9(2)            :dK/dP: dimensionless
     Kpp: -0.1243            :d2K/dP2: units are inverse GPa [IMPLIED VALUE]
 
 
  Thermal Expansion
-------------------
 
   Model: Mie-Gruneisen-Debye
 
   Temperature of reference:   300.00 K
 
   ThMGD:  417.000           :Debye temperature in K
   Natom:  2.00000           :Number of atoms per formula unit [FIXED VALUE]
   Gamm0:  2.52(8)           :Gruneisen parameter at Tref,Pref
       q:  1.00000           :Gruneisen power law in V/V0
 
  Scale factors for data groups
---------------------------------
   Sca 1:  1.00000           :Scale factor for data group 1 [FIXED VALUE]
 

      Do you want to save this EoS to file (Y/N) <Y>?y


Successfully opened file for eos
Named /Users/clemens/Programming/peritheos/docs/data/fes-eosfit7c/combined-unit/fitted.eos


     Eos parameters written to file /Users/clemens/Programming/peritheos/docs/data/fes-eosfit7c/combined-unit/fitted.eos


EOSFIT-7.6>
***** Macro completed

EOSFIT-7.6>