***********************************************************************************************************************
*                                                                                                                     *
*                                                     EOSFIT7c                                                        *
*                                                                                                                     *
*             Authors: RJ ANGEL, J GONZALEZ-PLATAS, M ALVARO, ML MAZZUCCHELLI                                         *
*        Version date: 13-May-2021                                                                                    *
*             Version:  7.60                                                                                          *
*                                                                                                                     *
*                                                                                                                     *
*        INCLUDING LEAST SQUARES BY I.G. WOOD & J. PIPER AND USING THE CrysFML EOS MODULE.                            *
*                                                                                                                     *
*        EosFit7c: Angel, Gonzalez-Platas, Alvaro (2014) Zeitschrift fuer Kristallographie, 229:405-419.              *
*        Phase Transitions: Angel et al (2017) Contribs Min Pet, DOI:10.1007/s00410-017-1349-x                        *
*        Fitting Moduli: Milani et al. (2017) Amer Min, DOI:10.2138/am-2017-5855                                      *
*                                                                                                                     *
*        Development currently supported by ERC grant 714936, TrueDepths to M. Alvaro, and                            *
*                          Agencia Estatal de Investigacion under                                                     *
*        National Program of Sciences and Technological Materials (PID2019-106383GB-C44) to J. Gonzalez-Platas        *
*        For more information see the help system                                                                     *
*                                                                                                                     *
*                                                                                                                     *
*        Current date and time:  3-OCT-2026 13:28                                                                     *
*                                                                                                                     *
***********************************************************************************************************************

EOSFIT-7.6>

Successfully opened file for macros
Named /Users/clemens/Programming/peritheos/docs/data/fes-eosfit7c-q-compromise/morard-errors/run.mcr

***** Running macro

EOSFIT-7.6>log /Users/clemens/Programming/peritheos/docs/data/fes-eosfit7c-q-compromise/morard-errors/run.log


Successfully opened Log file
Named /Users/clemens/Programming/peritheos/docs/data/fes-eosfit7c-q-compromise/morard-errors/run.log


EOSFIT-7.6>read /Users/clemens/Programming/peritheos/docs/data/fes-eosfit7c-q-compromise/morard-errors/input.dat


Successfully opened data file
Named /Users/clemens/Programming/peritheos/docs/data/fes-eosfit7c-q-compromise/morard-errors/input.dat



        The title on the file is: FeS audit morard unchanged observations
             The data in the file is for:T  ,P  ,V
               with esds in the file for:T  ,P  ,V

Only data available is for V: This will be selected

           The title on the data file is:  FeS audit morard unchanged observations

  THE 146 LOADED DATA ARE AS FOLLOWS:
<------------------------Observed Values-------------------------->
  N USE         P      esdP      T(K)      esdT       V      esd(V)
              GPA                                  CM^3/MOL
  1  1    29.5964   1.29360   1450.00   150.000   13.6915   0.00301
  2  1    29.6173   1.38320   1530.00   150.000   13.7501   0.00330
  3  1    29.6810   1.47280   1610.00   150.000   13.7997   0.00363
  4  1    29.9049   1.58480   1710.00   150.000   13.8950   0.00426
  5  1    33.1277   1.09200   1270.00   150.000   13.3755   0.00163
  6  1    33.2312   1.18160   1350.00   150.000   13.4022   0.00199
  7  1    33.4179   1.31600   1470.00   150.000   13.4598   0.00519
  8  1    33.4179   1.31600   1470.00   150.000   13.4598   0.00519
  9  1    41.6518   1.03600   1220.00   150.000   12.8114   0.00274
 10  1    41.7693   1.15920   1330.00   150.000   12.8353   0.00263
 11  1    41.6736   1.26000   1420.00   150.000   12.8651   0.00241
 12  1    41.9291   1.36080   1510.00   150.000   12.9205   0.00185
 13  1    41.8033   1.43920   1580.00   150.000   12.9557   0.00343
 14  1    41.9176   1.50640   1640.00   150.000   12.9755   0.00226
 15  1    42.1986   1.62960   1750.00   150.000   13.0099   0.00374
 16  1    42.6556   1.78640   1890.00   150.000   13.0421   0.00396
 17  1    45.1681   1.06960   1250.00   150.000   12.6352   0.00424
 18  1    44.9994   1.17040   1340.00   150.000   12.6738   0.00406
 19  1    44.9909   1.24880   1410.00   150.000   12.6940   0.00419
 20  1    44.9010   1.38320   1530.00   150.000   12.7795   0.00235
 21  1    44.8590   1.52880   1660.00   150.000   12.8028   0.00322
 22  1    44.9072   1.64080   1760.00   150.000   12.8582   0.00294
 23  1    44.9390   1.74160   1850.00   150.000   12.9173   0.00362
 24  1    45.0022   1.84240   1940.00   150.000   12.9427   0.00392
 25  1    45.0678   1.90960   2000.00   150.000   12.9834   0.00433
 26  1    45.1985   2.02160   2100.00   150.000   13.0166   0.00520
 27  1    45.2392   2.12240   2190.00   150.000   13.1062   0.00466
 28  1    45.3343   2.23440   2290.00   150.000   13.1220   0.00493
 29  1    54.1843   1.03600   1220.00   150.000   12.2175   0.00381
 30  1    54.2740   1.08080   1260.00   150.000   12.2301   0.00219
 31  1    54.2970   1.17040   1340.00   150.000   12.2500   0.00200
 32  1    54.2284   1.27120   1430.00   150.000   12.2737   0.00174
 33  1    54.1407   1.32720   1480.00   150.000   12.3063   0.00205
 34  1    54.1687   1.43920   1580.00   150.000   12.3363   0.00247
 35  1    54.2215   1.55120   1680.00   150.000   12.3764   0.00333
 36  1    54.2202   1.62960   1750.00   150.000   12.4062   0.00459
 37  1    54.2211   1.69680   1810.00   150.000   12.4249   0.00480
 38  1    54.2430   1.77520   1880.00   150.000   12.4580   0.00387
 39  1    54.2302   1.84240   1940.00   150.000   12.4695   0.00403
 40  1    54.2358   1.93200   2020.00   150.000   12.4931   0.00415
 41  1    54.2892   2.04400   2120.00   150.000   12.5415   0.00433
 42  1    54.2243   2.13360   2200.00   150.000   12.5877   0.00492
 43  1    57.9981   1.12560   1300.00   150.000   12.0885   0.00309
 44  1    58.0563   1.24880   1410.00   150.000   12.1192   0.00340
 45  1    58.0852   1.30480   1460.00   150.000   12.1072   0.00322
 46  1    58.1264   1.37200   1520.00   150.000   12.1205   0.00278
 47  1    58.2363   1.49520   1630.00   150.000   12.1345   0.00286
 48  1    58.3077   1.57360   1700.00   150.000   12.1414   0.00286
 49  1    58.5404   1.65200   1770.00   150.000   12.1618   0.00263
 50  1    58.6663   1.74160   1850.00   150.000   12.2158   0.00254
<------------------------Observed Values-------------------------->
  N USE         P      esdP      T(K)      esdT       V      esd(V)
              GPA                                  CM^3/MOL
 51  1    58.8002   1.83120   1930.00   150.000   12.2296   0.00340
 52  1    58.8179   1.92080   2010.00   150.000   12.2413   0.00282
 53  1    58.9342   1.98800   2070.00   150.000   12.2520   0.00379
 54  1    59.1212   2.11120   2180.00   150.000   12.2584   0.00401
 55  1    59.2891   2.18960   2250.00   150.000   12.2828   0.00503
 56  1    59.3838   2.27920   2330.00   150.000   12.2963   0.00797
 57  1    63.7709   1.12560   1300.00   150.000   11.9339   0.00325
 58  1    63.6024   1.17040   1340.00   150.000   11.9447   0.00340
 59  1    63.4838   1.26000   1420.00   150.000   11.9513   0.00291
 60  1    63.4353   1.32720   1480.00   150.000   11.9543   0.00321
 61  1    63.4263   1.40560   1550.00   150.000   11.9587   0.00173
 62  1    63.4708   1.49520   1630.00   150.000   11.9641   0.00191
 63  1    63.4788   1.55120   1680.00   150.000   11.9715   0.00200
 64  1    63.4561   1.64080   1760.00   150.000   11.9934   0.00234
 65  1    63.4578   1.71920   1830.00   150.000   12.0151   0.00190
 66  1    63.4820   1.79760   1900.00   150.000   12.0372   0.00200
 67  1    63.4522   1.88720   1980.00   150.000   12.0589   0.00209
 68  1    63.5647   1.97680   2060.00   150.000   12.0863   0.00276
 69  1    63.7663   2.11120   2180.00   150.000   12.1088   0.00246
 70  1    63.8600   2.22320   2280.00   150.000   12.1322   0.00476
 71  1    63.9175   2.32400   2370.00   150.000   12.1588   0.00333
 72  1    64.2285   2.38000   2420.00   150.000   12.1796   0.00397
 73  1    64.2644   2.48080   2510.00   150.000   12.2196   0.00305
 74  1    64.1073   2.51440   2540.00   150.000   12.2416   0.00389
 75  1    83.7593   1.26000   1420.00   150.000   11.3323   0.00310
 76  1    83.8346   1.33840   1490.00   150.000   11.3411   0.00342
 77  1    83.9210   1.41680   1560.00   150.000   11.3796   0.00341
 78  1    84.2479   1.55120   1680.00   150.000   11.3835   0.00317
 79  1    84.3992   1.61840   1740.00   150.000   11.3960   0.00245
 80  1    84.4442   1.69680   1810.00   150.000   11.4172   0.00298
 81  1    84.4649   1.77520   1880.00   150.000   11.4407   0.00254
 82  1    84.4635   1.86480   1960.00   150.000   11.4700   0.00311
 83  1    84.4695   1.97680   2060.00   150.000   11.4938   0.00347
 84  1    84.3718   2.10000   2170.00   150.000   11.5203   0.00710
 85  1    84.3526   2.17840   2240.00   150.000   11.5095   0.00636
 86  1    84.3375   2.27920   2330.00   150.000   11.5130   0.00536
 87  1    84.6732   2.40240   2440.00   150.000   11.5496   0.00623
 88  1    84.6227   2.48080   2510.00   150.000   11.5596   0.00717
 89  1    92.4086   1.47280   1610.00   150.000   11.2253   0.00678
 90  1    92.4186   1.69680   1810.00   150.000   11.2230   0.00358
 91  1    92.8268   1.80880   1910.00   150.000   11.2114   0.00237
 92  1    92.8125   1.57360   1700.00   150.000   11.1689   0.00178
 93  1    92.7971   1.46160   1600.00   150.000   11.1518   0.00176
 94  1    93.0799   1.75280   1860.00   150.000   11.1819   0.00201
 95  1    93.2651   1.84240   1940.00   150.000   11.1915   0.00212
 96  1    93.4954   1.95440   2040.00   150.000   11.2112   0.00321
 97  1    93.6135   2.04400   2120.00   150.000   11.2305   0.00254
 98  1    93.7267   2.16720   2230.00   150.000   11.2545   0.00216
 99  1    94.0063   2.34640   2390.00   150.000   11.2763   0.00251
100  1    94.0082   2.44720   2480.00   150.000   11.3218   0.00372
<------------------------Observed Values-------------------------->
  N USE         P      esdP      T(K)      esdT       V      esd(V)
              GPA                                  CM^3/MOL
101  1    94.2592   2.52560   2550.00   150.000   11.3218   0.00436
102  1    108.263   1.60720   1730.00   150.000   10.7924   0.00317
103  1    108.554   1.68560   1800.00   150.000   10.7941   0.00283
104  1    109.100   1.87600   1970.00   150.000   10.8122   0.00211
105  1    109.347   1.61840   1740.00   150.000   10.7958   0.00192
106  1    109.266   1.49520   1630.00   150.000   10.7874   0.00176
107  1    109.210   1.39440   1540.00   150.000   10.7763   0.00180
108  1    109.146   1.28240   1440.00   150.000   10.7660   0.00176
109  1    109.052   1.17040   1340.00   150.000   10.7582   0.00195
110  1    109.097   1.17040   1340.00   150.000   10.7565   0.00201
111  1    109.504   1.57360   1700.00   150.000   10.7856   0.00200
112  1    109.609   1.68560   1800.00   150.000   10.7949   0.00190
113  1    109.780   1.74160   1850.00   150.000   10.7970   0.00186
114  1    109.961   1.89840   1990.00   150.000   10.8106   0.00205
115  1    110.057   1.98800   2070.00   150.000   10.8249   0.00238
116  1    110.219   2.08880   2160.00   150.000   10.8502   0.00258
117  1    110.303   2.18960   2250.00   150.000   10.8687   0.00300
118  1    110.562   2.26800   2320.00   150.000   10.8740   0.00369
119  1    110.756   2.36880   2410.00   150.000   10.8899   0.00549
120  1    110.707   2.49200   2520.00   150.000   10.9344   0.00455
121  1    110.928   2.57040   2590.00   150.000   10.9509   0.00494
122  1    115.855   1.70800   1820.00   150.000   10.6053   0.00627
123  1    116.306   1.71920   1830.00   150.000   10.5870   0.00644
124  1    116.740   1.90960   2000.00   150.000   10.6021   0.00547
125  1    117.407   1.97680   2060.00   150.000   10.6257   0.00423
126  1    117.832   2.13360   2200.00   150.000   10.6405   0.00487
127  1    118.498   2.30160   2350.00   150.000   10.6947   0.00651
128  1    118.847   2.39120   2430.00   150.000   10.6960   0.00459
129  1    118.550   1.90960   2000.00   150.000   10.6173   0.00962
130  1    118.524   1.79760   1900.00   150.000   10.6006   0.00661
131  1    118.494   1.68560   1800.00   150.000   10.5952   0.00854
132  1    118.350   1.57360   1700.00   150.000   10.5937   0.00797
133  1    118.373   1.46160   1600.00   150.000   10.5816   0.00963
134  1    118.240   1.23760   1400.00   150.000   10.5806   0.00776
135  1    128.752   1.15920   1330.00   150.000   10.4041   0.00358
136  1    129.081   1.33840   1490.00   150.000   10.4082   0.00403
137  1    129.340   1.52880   1660.00   150.000   10.4126   0.00374
138  1    129.907   1.67440   1790.00   150.000   10.4085   0.00548
139  1    130.211   1.82000   1920.00   150.000   10.4056   0.00417
140  1    130.971   2.02160   2100.00   150.000   10.4077   0.00481
141  1    131.695   2.17840   2240.00   150.000   10.4277   0.00481
142  1    132.596   2.40240   2440.00   150.000   10.4588   0.00461
143  1    148.509   1.20400   1370.00   150.000   10.0719   0.00428
144  1    148.906   1.42800   1570.00   150.000   10.0723   0.00384
145  1    149.347   1.60720   1730.00   150.000   10.0751   0.00383
146  1    149.948   1.79760   1900.00   150.000   10.0741   0.00659

       Esds available for all data points for:  P, T, V

EOSFIT-7.6>input

*************************************Commands to input or change EoS parameters ***************************************


   Type HELP for a list of commands to change EoS types or parameters


INPUT EOS>pr

     Available equations of state are:
     1=Murnaghan, 2=Birch-Murnaghan, 3=Vinet, 4=Natural Strain, 5=Tait, 6=APL, 7=Kumar,

     Input choice (0 for none, space for no change):2

INPUT ORDER OF EOS (2,3,4):3


INPUT EOS PARAMETERS, <CR> FOR NO CHANGE:
          VALUE OF V0    (     1.000):15.4
          VALUE OF K0    (    10.000):115.5
          VALUE OF Kp    (     4.000):4.99
 
 
  EOS Information
-------------------
 
    Title: 
Eos Saved: 
 
   System: 
    Class: Volume
   Stoichiometry:            1.000
 
  Compressibility
-------------------
 
    Model: Birch-Murnaghan
    Order:  3
   Pressure of reference:    0.000
 
      V0:  15.4000           :Reference pressure volume: units as volume data
      K0:  115.500           :Bulk modulus: same units as pressure data
      Kp:  4.99000           :dK/dP: dimensionless
     Kpp: -0.0507            :d2K/dP2: inverse pressure units [IMPLIED VALUE]
 
 
  Scale factors for data groups
---------------------------------
   Sca 1:  1.00000           :Scale factor for data group 1 [FIXED VALUE]
 

INPUT EOS>th

     Available thermal expansion equations are:
       1=Berman 1988,  2=Fei 1995,  3=Modified HP1998,  4=Kroll,  5=Salje low-T,
     Available thermal-pressure EoS are:
       6=HP Thermal Pressure,  7=Mie-Gruneisen-Debye,  8=Einstein Oscillator,

     Input choice (0 for none, space for no change):7

INPUT THERMAL PARAMETERS FOR Mie-Gruneisen-Debye <CR> FOR NO CHANGE:


*****WARNING: EoS must have a Pscale in kbar or GPa and a Vscale in cm3/mol set to get correct results.

    Reference temperature ( 298.0K):300

     Do you want to use q-compromise version (Y/N) <N>?y

    Reference pressure volume: units as volume data:
                    VALUE OF V0    (    15.400):15.4
    Debye temperature in K:
                    VALUE OF ThMGD (   298.000):417
    Number of atoms per formula unit:
                    VALUE OF Natom (     1.000):2

*****INFORMATION*****

    Gamma0 is a refineable parameter in the thermal-pressure model, q is not defined for q-compromise

    Gruneisen parameter at Tref,Pref:
                    VALUE OF Gamm0 (     1.000):2.42

*****The results of the thermal pressure model depend on the EoS parameters

*****WARNING: EoS must have a Pscale in kbar or GPa and a Vscale in cm3/mol set to get correct results.

 
 
  EOS Information
-------------------
 
    Title: 
Eos Saved: 
 
   System: 
    Class: Volume
   Stoichiometry:            1.000
 
  Compressibility
-------------------
 
    Model: Birch-Murnaghan
    Order:  3
   Pressure of reference:    0.000
 
      V0:  15.4000           :Reference pressure volume: units as volume data
      K0:  115.500           :Bulk modulus: same units as pressure data
      Kp:  4.99000           :dK/dP: dimensionless
     Kpp: -0.0507            :d2K/dP2: inverse pressure units [IMPLIED VALUE]
 
 
  Thermal Expansion
-------------------
 
   Model: Mie-Gruneisen-Debye
           with q-compromise
 
   Temperature of reference:   300.00 K
 
   ThMGD:  417.000           :Debye temperature in K
   Natom:  2.00000           :Number of atoms per formula unit [FIXED VALUE]
   Gamm0:  2.42000           :Gruneisen parameter at Tref,Pref
 
  Scale factors for data groups
---------------------------------
   Sca 1:  1.00000           :Scale factor for data group 1 [FIXED VALUE]
 

INPUT EOS>pscale

     This command allows you to label the output parameters with the pressure scale name (e.g. 'GPa')
     It does not change the parameter values or the P values in the dataset!

     No pressure scale name has been set

     Input name of pressure scale, blank for no change, or 'none':GPa

     The pressure scale name is: GPa

 
 
  EOS Information
-------------------
 
    Title: 
Eos Saved: 
 
   System: 
    Class: Volume
   Pscale: GPa
   Stoichiometry:            1.000
 
  Compressibility
-------------------
 
    Model: Birch-Murnaghan
    Order:  3
   Pressure of reference:    0.000
 
      V0:  15.4000           :Reference pressure volume: units as volume data
      K0:  115.500           :Bulk modulus: units are GPa
      Kp:  4.99000           :dK/dP: dimensionless
     Kpp: -0.0507            :d2K/dP2: units are inverse GPa [IMPLIED VALUE]
 
 
  Thermal Expansion
-------------------
 
   Model: Mie-Gruneisen-Debye
           with q-compromise
 
   Temperature of reference:   300.00 K
 
   ThMGD:  417.000           :Debye temperature in K
   Natom:  2.00000           :Number of atoms per formula unit [FIXED VALUE]
   Gamm0:  2.42000           :Gruneisen parameter at Tref,Pref
 
  Scale factors for data groups
---------------------------------
   Sca 1:  1.00000           :Scale factor for data group 1 [FIXED VALUE]
 

INPUT EOS>vscale

     This command allows you to label the output parameters with the volume scale name (e.g. 'cm3/mol')
     For linear data and Eos, use this for the name of the linear units (e.g. 'A')
     It does not change the parameter values or the values of the data!

     No volume/linear scale name has been set

     Input name of volume scale, blank for no change, or 'none':cm^3/mol

     The volume scale name is: cm^3/mol

 
 
  EOS Information
-------------------
 
    Title: 
Eos Saved: 
 
   System: 
    Class: Volume
   Pscale: GPa
   Vscale: cm^3/mol
   Stoichiometry:            1.000
 
  Compressibility
-------------------
 
    Model: Birch-Murnaghan
    Order:  3
   Pressure of reference:    0.000
 
      V0:  15.4000           :Reference pressure volume: units are cm^3/mol
      K0:  115.500           :Bulk modulus: units are GPa
      Kp:  4.99000           :dK/dP: dimensionless
     Kpp: -0.0507            :d2K/dP2: units are inverse GPa [IMPLIED VALUE]
 
 
  Thermal Expansion
-------------------
 
   Model: Mie-Gruneisen-Debye
           with q-compromise
 
   Temperature of reference:   300.00 K
 
   ThMGD:  417.000           :Debye temperature in K
   Natom:  2.00000           :Number of atoms per formula unit [FIXED VALUE]
   Gamm0:  2.42000           :Gruneisen parameter at Tref,Pref
 
  Scale factors for data groups
---------------------------------
   Sca 1:  1.00000           :Scale factor for data group 1 [FIXED VALUE]
 

INPUT EOS>x

*************************************************Exiting from INPUT ***************************************************


EOSFIT-7.6>save /Users/clemens/Programming/peritheos/docs/data/fes-eosfit7c-q-compromise/morard-errors/initial.eos
 
 
  EOS Information
-------------------
 
    Title: 
Eos Saved: 
 
   System: 
    Class: Volume
   Pscale: GPa
   Vscale: cm^3/mol
   Stoichiometry:            1.000
 
  Compressibility
-------------------
 
    Model: Birch-Murnaghan
    Order:  3
   Pressure of reference:    0.000
 
      V0:  15.4000           :Reference pressure volume: units are cm^3/mol
      K0:  115.500           :Bulk modulus: units are GPa
      Kp:  4.99000           :dK/dP: dimensionless
     Kpp: -0.0507            :d2K/dP2: units are inverse GPa [IMPLIED VALUE]
 
 
  Thermal Expansion
-------------------
 
   Model: Mie-Gruneisen-Debye
           with q-compromise
 
   Temperature of reference:   300.00 K
 
   ThMGD:  417.000           :Debye temperature in K
   Natom:  2.00000           :Number of atoms per formula unit [FIXED VALUE]
   Gamm0:  2.42000           :Gruneisen parameter at Tref,Pref
 
  Scale factors for data groups
---------------------------------
   Sca 1:  1.00000           :Scale factor for data group 1 [FIXED VALUE]
 

      Do you want to save this EoS to file (Y/N) <Y>?y


Successfully opened file for eos
Named /Users/clemens/Programming/peritheos/docs/data/fes-eosfit7c-q-compromise/morard-errors/initial.eos


     Eos parameters written to file /Users/clemens/Programming/peritheos/docs/data/fes-eosfit7c-q-compromise/morard-errors/initial.eos


EOSFIT-7.6>list

           The title on the data file is:  FeS audit morard unchanged observations
           The calculated values are from:

  THE 146 LOADED DATA ARE AS FOLLOWS:
<-------------------------Observed Values---------------------------><----------------Calculated Values ----------------------->
  N USE         P      esdP      T(K)      esdT       V      esd(V)      Pcal    deltaP delta/esd    V  cal    deltaV   delV/esd
              GPA                                  CM^3/MOL               GPa                       cm^3/mol
  1  1    29.5964   1.29360   1450.00   150.000   13.6915   0.00301   27.0672   2.52927   1.95522   13.5247   0.16683   55.4624
  2  1    29.6173   1.38320   1530.00   150.000   13.7501   0.00330   26.8434   2.77392   2.00543   13.5635   0.18654   56.5367
  3  1    29.6810   1.47280   1610.00   150.000   13.7997   0.00363   26.7642   2.91684   1.98047   13.6002   0.19955   55.0206
  4  1    29.9049   1.58480   1710.00   150.000   13.8950   0.00426   26.2324   3.67253   2.31735   13.6371   0.25790   60.5854
  5  1    33.1277   1.09200   1270.00   150.000   13.3755   0.00163   30.6027   2.52505   2.31231   13.2282   0.14729   90.5846
  6  1    33.2312   1.18160   1350.00   150.000   13.4022   0.00199   30.7836   2.44756   2.07139   13.2578   0.14440   72.4694
  7  1    33.4179   1.31600   1470.00   150.000   13.4598   0.00519   30.7836   2.63433   2.00177   13.3012   0.15860   30.5543
  8  1    33.4179   1.31600   1470.00   150.000   13.4598   0.00519   30.7836   2.63433   2.00177   13.3012   0.15860   30.5543
  9  1    41.6518   1.03600   1220.00   150.000   12.8114   0.00274   40.7571   0.89470   0.86361   12.7690   0.04239   15.4479
 10  1    41.7693   1.15920   1330.00   150.000   12.8353   0.00263   41.1174   0.65199   0.56244   12.8040   0.03127   11.9065
 11  1    41.6736   1.26000   1420.00   150.000   12.8651   0.00241   41.2050   0.46858   0.37189   12.8423   0.02279   9.46056
 12  1    41.9291   1.36080   1510.00   150.000   12.9205   0.00185   40.7874   1.14172   0.83901   12.8641   0.05641   30.4336
 13  1    41.8033   1.43920   1580.00   150.000   12.9557   0.00343   40.6340   1.16933   0.81249   12.8971   0.05858   17.0744
 14  1    41.9176   1.50640   1640.00   150.000   12.9755   0.00226   40.7131   1.20450   0.79959   12.9147   0.06081   26.9319
 15  1    42.1986   1.62960   1750.00   150.000   13.0099   0.00374   40.9045   1.29409   0.79412   12.9438   0.06618   17.7158
 16  1    42.6556   1.78640   1890.00   150.000   13.0421   0.00396   41.3826   1.27302   0.71262   12.9761   0.06596   16.6656
 17  1    45.1681   1.06960   1250.00   150.000   12.6352   0.00424   44.8139   0.35423   0.33118   12.6195   0.01570   3.70421
 18  1    44.9994   1.17040   1340.00   150.000   12.6738   0.00406   44.6545   0.34484   0.29464   12.6582   0.01553   3.82373
 19  1    44.9909   1.24880   1410.00   150.000   12.6940   0.00419   44.7539   0.23694   0.18974   12.6833   0.01077   2.57198
 20  1    44.9010   1.38320   1530.00   150.000   12.7795   0.00235   43.8470   1.05391   0.76194   12.7303   0.04922   20.9264
 21  1    44.8590   1.52880   1660.00   150.000   12.8028   0.00322   44.3711   0.48786   0.31911   12.7797   0.02313   7.18821
 22  1    44.9072   1.64080   1760.00   150.000   12.8582   0.00294   44.0032   0.90400   0.55095   12.8145   0.04365   14.8372
 23  1    44.9390   1.74160   1850.00   150.000   12.9173   0.00362   43.5073   1.43176   0.82209   12.8469   0.07044   19.4700
 24  1    45.0022   1.84240   1940.00   150.000   12.9427   0.00392   43.7062   1.29602   0.70344   12.8781   0.06451   16.4394
 25  1    45.0678   1.90960   2000.00   150.000   12.9834   0.00433   43.3743   1.69345   0.88681   12.8981   0.08534   19.6992
 26  1    45.1985   2.02160   2100.00   150.000   13.0166   0.00520   43.5140   1.68453   0.83327   12.9305   0.08603   16.5509
 27  1    45.2392   2.12240   2190.00   150.000   13.1062   0.00466   42.5242   2.71499   1.27921   12.9641   0.14216   30.4786
 28  1    45.3343   2.23440   2290.00   150.000   13.1220   0.00493   43.0151   2.31919   1.03795   12.9993   0.12271   24.9009
 29  1    54.1843   1.03600   1220.00   150.000   12.2175   0.00381   54.8375   -0.6532   0.63051   12.2421   -0.0245   6.43063
 30  1    54.2740   1.08080   1260.00   150.000   12.2301   0.00219   54.8152   -0.5411   0.50068   12.2505   -0.0204   9.31044
 31  1    54.2970   1.17040   1340.00   150.000   12.2500   0.00200   54.9108   -0.6138   0.52445   12.2734   -0.0234   11.6967
 32  1    54.2284   1.27120   1430.00   150.000   12.2737   0.00174   54.9890   -0.7606   0.59830   12.3030   -0.0293   16.7806
 33  1    54.1407   1.32720   1480.00   150.000   12.3063   0.00205   54.5352   -0.3945   0.29724   12.3216   -0.0153   7.48420
 34  1    54.1687   1.43920   1580.00   150.000   12.3363   0.00247   54.5457   -0.3770   0.26194   12.3512   -0.0149   6.01645
 35  1    54.2215   1.55120   1680.00   150.000   12.3764   0.00333   54.3160   -0.0945   0.06093   12.3801   -0.0038   1.13547
 36  1    54.2202   1.62960   1750.00   150.000   12.4062   0.00459   54.1202   0.10008   0.06141   12.4022   0.00404   0.88047
 37  1    54.2211   1.69680   1810.00   150.000   12.4249   0.00480   54.1284   0.09268   0.05462   12.4211   0.00377   0.78597
 38  1    54.2430   1.77520   1880.00   150.000   12.4580   0.00387   53.8682   0.37483   0.21115   12.4426   0.01544   3.98497
 39  1    54.2302   1.84240   1940.00   150.000   12.4695   0.00403   54.0614   0.16876   0.09160   12.4625   0.00700   1.73707
 40  1    54.2358   1.93200   2020.00   150.000   12.4931   0.00415   54.1212   0.11467   0.05935   12.4883   0.00480   1.15591
 41  1    54.2892   2.04400   2120.00   150.000   12.5415   0.00433   53.7602   0.52905   0.25883   12.5190   0.02252   5.19509
 42  1    54.2243   2.13360   2200.00   150.000   12.5877   0.00492   53.3150   0.90926   0.42616   12.5484   0.03932   7.98823
 43  1    57.9981   1.12560   1300.00   150.000   12.0885   0.00309   59.0119   -1.0138   0.90064   12.1246   -0.0361   11.6997
 44  1    58.0563   1.24880   1410.00   150.000   12.1192   0.00340   59.0070   -0.9507   0.76126   12.1535   -0.0343   10.1099
 45  1    58.0852   1.30480   1460.00   150.000   12.1072   0.00322   59.7322   -1.6470   1.26224   12.1667   -0.0595   18.4850
 46  1    58.1264   1.37200   1520.00   150.000   12.1205   0.00278   59.8287   -1.7023   1.24074   12.1824   -0.0619   22.2418
 47  1    58.2363   1.49520   1630.00   150.000   12.1345   0.00286   60.2985   -2.0623   1.37926   12.2101   -0.0756   26.4002
 48  1    58.3077   1.57360   1700.00   150.000   12.1414   0.00286   60.6543   -2.3466   1.49122   12.2279   -0.0865   30.2848
 49  1    58.5404   1.65200   1770.00   150.000   12.1618   0.00263   60.6407   -2.1003   1.27134   12.2397   -0.0779   29.5783
 50  1    58.6663   1.74160   1850.00   150.000   12.2158   0.00254   59.8044   -1.1381   0.65350   12.2587   -0.0429   16.8747
<-------------------------Observed Values---------------------------><----------------Calculated Values ----------------------->
  N USE         P      esdP      T(K)      esdT       V      esd(V)      Pcal    deltaP delta/esd    V  cal    deltaV   delV/esd
              GPA                                  CM^3/MOL               GPa                       cm^3/mol
 51  1    58.8002   1.83120   1930.00   150.000   12.2296   0.00340   60.0610   -1.2608   0.68853   12.2774   -0.0478   14.0672
 52  1    58.8179   1.92080   2010.00   150.000   12.2413   0.00282   60.3759   -1.5580   0.81112   12.3008   -0.0595   21.0876
 53  1    58.9342   1.98800   2070.00   150.000   12.2520   0.00379   60.5613   -1.6271   0.81846   12.3145   -0.0625   16.4876
 54  1    59.1212   2.11120   2180.00   150.000   12.2584   0.00401   61.2532   -2.1320   1.00985   12.3409   -0.0824   20.5515
 55  1    59.2891   2.18960   2250.00   150.000   12.2828   0.00503   61.1626   -1.8735   0.85565   12.3559   -0.0730   14.5103
 56  1    59.3838   2.27920   2330.00   150.000   12.2963   0.00797   61.4400   -2.0562   0.90218   12.3770   -0.0807   10.1289
 57  1    63.7709   1.12560   1300.00   150.000   11.9339   0.00325   63.5259   0.24499   0.21765   11.9258   0.00811   2.49222
 58  1    63.6024   1.17040   1340.00   150.000   11.9447   0.00340   63.5119   0.09048   0.07730   11.9417   0.00301   0.88463
 59  1    63.4838   1.26000   1420.00   150.000   11.9513   0.00291   63.9382   -0.4544   0.36067   11.9666   -0.0152   5.23807
 60  1    63.4353   1.32720   1480.00   150.000   11.9543   0.00321   64.3166   -0.8813   0.66404   11.9840   -0.0296   9.22712
 61  1    63.4263   1.40560   1550.00   150.000   11.9587   0.00173   64.7316   -1.3053   0.92867   12.0029   -0.0441   25.5587
 62  1    63.4708   1.49520   1630.00   150.000   11.9641   0.00191   65.1978   -1.7270   1.15504   12.0228   -0.0587   30.6930
 63  1    63.4788   1.55120   1680.00   150.000   11.9715   0.00200   65.3671   -1.8883   1.21733   12.0360   -0.0645   32.2260
 64  1    63.4561   1.64080   1760.00   150.000   11.9934   0.00234   65.3445   -1.8884   1.15090   12.0585   -0.0651   27.8373
 65  1    63.4578   1.71920   1830.00   150.000   12.0151   0.00190   65.2561   -1.7983   1.04602   12.0776   -0.0625   32.9376
 66  1    63.4820   1.79760   1900.00   150.000   12.0372   0.00200   65.1627   -1.6807   0.93497   12.0961   -0.0589   29.5334
 67  1    63.4522   1.88720   1980.00   150.000   12.0589   0.00209   65.1645   -1.7123   0.90735   12.1195   -0.0606   28.9984
 68  1    63.5647   1.97680   2060.00   150.000   12.0863   0.00276   65.0115   -1.4468   0.73189   12.1380   -0.0517   18.7563
 69  1    63.7663   2.11120   2180.00   150.000   12.1088   0.00246   65.3155   -1.5492   0.73381   12.1648   -0.0559   22.7244
 70  1    63.8600   2.22320   2280.00   150.000   12.1322   0.00476   65.4471   -1.5871   0.71389   12.1901   -0.0579   12.1753
 71  1    63.9175   2.32400   2370.00   150.000   12.1588   0.00333   65.4160   -1.4986   0.64483   12.2141   -0.0553   16.5761
 72  1    64.2285   2.38000   2420.00   150.000   12.1796   0.00397   65.2410   -1.0126   0.42544   12.2171   -0.0375   9.45177
 73  1    64.2644   2.48080   2510.00   150.000   12.2196   0.00305   64.8675   -0.6031   0.24311   12.2422   -0.0227   7.42590
 74  1    64.1073   2.51440   2540.00   150.000   12.2416   0.00389   64.5144   -0.4071   0.16192   12.2571   -0.0154   3.96219
 75  1    83.7593   1.26000   1420.00   150.000   11.3323   0.00310   85.1799   -1.4205   1.12741   11.3689   -0.0366   11.8121
 76  1    83.8346   1.33840   1490.00   150.000   11.3411   0.00342   85.3831   -1.5484   1.15693   11.3812   -0.0401   11.7137
 77  1    83.9210   1.41680   1560.00   150.000   11.3796   0.00341   84.4407   -0.5197   0.36681   11.3932   -0.0136   3.99231
 78  1    84.2479   1.55120   1680.00   150.000   11.3835   0.00317   85.2313   -0.9834   0.63395   11.4093   -0.0258   8.15905
 79  1    84.3992   1.61840   1740.00   150.000   11.3960   0.00245   85.2203   -0.8210   0.50732   11.4177   -0.0217   8.83776
 80  1    84.4442   1.69680   1810.00   150.000   11.4172   0.00298   84.9670   -0.5228   0.30813   11.4311   -0.0139   4.66264
 81  1    84.4649   1.77520   1880.00   150.000   11.4407   0.00254   84.6295   -0.1646   0.09272   11.4452   -0.0044   1.73540
 82  1    84.4635   1.86480   1960.00   150.000   11.4700   0.00311   84.1719   0.29162   0.15638   11.4621   0.00790   2.53895
 83  1    84.4695   1.97680   2060.00   150.000   11.4938   0.00347   84.0811   0.38838   0.19647   11.4831   0.01063   3.05847
 84  1    84.3718   2.10000   2170.00   150.000   11.5203   0.00710   83.9786   0.39317   0.18722   11.5095   0.01088   1.53332
 85  1    84.3526   2.17840   2240.00   150.000   11.5095   0.00636   84.9171   -0.5646   0.25916   11.5252   -0.0156   2.46033
 86  1    84.3375   2.27920   2330.00   150.000   11.5130   0.00536   85.4967   -1.1592   0.50861   11.5452   -0.0323   6.01832
 87  1    84.6732   2.40240   2440.00   150.000   11.5496   0.00623   85.0428   -0.3696   0.15383   11.5600   -0.0104   1.67052
 88  1    84.6227   2.48080   2510.00   150.000   11.5596   0.00717   85.2377   -0.6150   0.24791   11.5770   -0.0174   2.42775
 89  1    92.4086   1.47280   1610.00   150.000   11.2253   0.00678   90.9493   1.45932   0.99085   11.1901   0.03530   5.20270
 90  1    92.4186   1.69680   1810.00   150.000   11.2230   0.00358   92.6097   -0.1911   0.11262   11.2276   -0.0047   1.30263
 91  1    92.8268   1.80880   1910.00   150.000   11.2114   0.00237   93.8674   -1.0406   0.57529   11.2368   -0.0254   10.7027
 92  1    92.8125   1.57360   1700.00   150.000   11.1689   0.00178   93.9962   -1.1837   0.75225   11.1972   -0.0283   15.9009
 93  1    92.7971   1.46160   1600.00   150.000   11.1518   0.00176   93.9383   -1.1412   0.78082   11.1789   -0.0271   15.4193
 94  1    93.0799   1.75280   1860.00   150.000   11.1819   0.00201   94.7016   -1.6217   0.92518   11.2210   -0.0391   19.4518
 95  1    93.2651   1.84240   1940.00   150.000   11.1915   0.00212   94.9268   -1.6616   0.90189   11.2318   -0.0403   18.9902
 96  1    93.4954   1.95440   2040.00   150.000   11.2112   0.00321   94.8918   -1.3964   0.71448   11.2453   -0.0341   10.6324
 97  1    93.6135   2.04400   2120.00   150.000   11.2305   0.00254   94.7268   -1.1133   0.54466   11.2578   -0.0274   10.7660
 98  1    93.7267   2.16720   2230.00   150.000   11.2545   0.00216   94.6077   -0.8810   0.40652   11.2764   -0.0219   10.1211
 99  1    94.0063   2.34640   2390.00   150.000   11.2763   0.00251   94.9851   -0.9788   0.41716   11.3008   -0.0245   9.76907
100  1    94.0082   2.44720   2480.00   150.000   11.3218   0.00372   93.8802   0.12802   0.05231   11.3186   0.00326   0.87538
<-------------------------Observed Values---------------------------><----------------Calculated Values ----------------------->
  N USE         P      esdP      T(K)      esdT       V      esd(V)      Pcal    deltaP delta/esd    V  cal    deltaV   delV/esd
              GPA                                  CM^3/MOL               GPa                       cm^3/mol
101  1    94.2592   2.52560   2550.00   150.000   11.3218   0.00436   94.4306   -0.1714   0.06788   11.3261   -0.0044   1.00203
102  1    108.263   1.60720   1730.00   150.000   10.7924   0.00317   111.475   -3.2117   1.99831   10.8579   -0.0655   20.6745
103  1    108.554   1.68560   1800.00   150.000   10.7941   0.00283   111.941   -3.3866   2.00915   10.8632   -0.0691   24.4087
104  1    109.100   1.87600   1970.00   150.000   10.8122   0.00211   112.370   -3.2704   1.74326   10.8795   -0.0673   31.9344
105  1    109.347   1.61840   1740.00   150.000   10.7958   0.00192   111.386   -2.0386   1.25962   10.8372   -0.0414   21.5724
106  1    109.266   1.49520   1630.00   150.000   10.7874   0.00176   110.943   -1.6773   1.12176   10.8213   -0.0339   19.2834
107  1    109.210   1.39440   1540.00   150.000   10.7763   0.00180   110.795   -1.5843   1.13619   10.8081   -0.0318   17.6811
108  1    109.146   1.28240   1440.00   150.000   10.7660   0.00176   110.531   -1.3848   1.07988   10.7937   -0.0277   15.6940
109  1    109.052   1.17040   1340.00   150.000   10.7582   0.00195   110.147   -1.0949   0.93545   10.7799   -0.0218   11.1777
110  1    109.097   1.17040   1340.00   150.000   10.7565   0.00201   110.233   -1.1359   0.97055   10.7790   -0.0226   11.2004
111  1    109.504   1.57360   1700.00   150.000   10.7856   0.00200   111.582   -2.0780   1.32057   10.8276   -0.0420   21.0440
112  1    109.609   1.68560   1800.00   150.000   10.7949   0.00190   111.897   -2.2879   1.35731   10.8414   -0.0465   24.4818
113  1    109.780   1.74160   1850.00   150.000   10.7970   0.00186   112.186   -2.4056   1.38126   10.8459   -0.0490   26.3299
114  1    109.961   1.89840   1990.00   150.000   10.8106   0.00205   112.608   -2.6469   1.39427   10.8648   -0.0543   26.4316
115  1    110.057   1.98800   2070.00   150.000   10.8249   0.00238   112.530   -2.4728   1.24384   10.8759   -0.0510   21.3971
116  1    110.219   2.08880   2160.00   150.000   10.8502   0.00258   112.000   -1.7803   0.85228   10.8872   -0.0370   14.3594
117  1    110.303   2.18960   2250.00   150.000   10.8687   0.00300   111.809   -1.5065   0.68802   10.9002   -0.0315   10.4979
118  1    110.562   2.26800   2320.00   150.000   10.8740   0.00369   112.103   -1.5412   0.67954   10.9063   -0.0324   8.77420
119  1    110.756   2.36880   2410.00   150.000   10.8899   0.00549   112.045   -1.2894   0.54433   10.9171   -0.0272   4.96230
120  1    110.707   2.49200   2520.00   150.000   10.9344   0.00455   110.808   -0.1015   0.04074   10.9366   -0.0022   0.47737
121  1    110.928   2.57040   2590.00   150.000   10.9509   0.00494   110.586   0.34189   0.13301   10.9436   0.00736   1.49041
122  1    115.855   1.70800   1820.00   150.000   10.6053   0.00627   121.901   -6.0461   3.53985   10.7198   -0.1145   18.2660
123  1    116.306   1.71920   1830.00   150.000   10.5870   0.00644   122.978   -6.6720   3.88086   10.7126   -0.1256   19.5059
124  1    116.740   1.90960   2000.00   150.000   10.6021   0.00547   123.482   -6.7412   3.53018   10.7300   -0.1278   23.3566
125  1    117.407   1.97680   2060.00   150.000   10.6257   0.00423   122.680   -5.2735   2.66771   10.7261   -0.1004   23.7243
126  1    117.832   2.13360   2200.00   150.000   10.6405   0.00487   122.980   -5.1472   2.41246   10.7392   -0.0987   20.2679
127  1    118.498   2.30160   2350.00   150.000   10.6947   0.00651   121.298   -2.8003   1.21668   10.7492   -0.0545   8.36902
128  1    118.847   2.39120   2430.00   150.000   10.6960   0.00459   121.856   -3.0097   1.25864   10.7547   -0.0586   12.7637
129  1    118.550   1.90960   2000.00   150.000   10.6173   0.00962   122.664   -4.1137   2.15421   10.6949   -0.0776   8.06874
130  1    118.524   1.79760   1900.00   150.000   10.6006   0.00661   122.782   -4.2582   2.36885   10.6804   -0.0798   12.0655
131  1    118.494   1.68560   1800.00   150.000   10.5952   0.00854   122.293   -3.7987   2.25364   10.6661   -0.0709   8.29491
132  1    118.350   1.57360   1700.00   150.000   10.5937   0.00797   121.595   -3.2452   2.06227   10.6541   -0.0604   7.57673
133  1    118.373   1.46160   1600.00   150.000   10.5816   0.00963   121.478   -3.1049   2.12432   10.6389   -0.0574   5.96194
134  1    118.240   1.23760   1400.00   150.000   10.5806   0.00776   119.971   -1.7307   1.39846   10.6123   -0.0318   4.09621
135  1    128.752   1.15920   1330.00   150.000   10.4041   0.00358   129.509   -0.7566   0.65266   10.4168   -0.0128   3.55865
136  1    129.081   1.33840   1490.00   150.000   10.4082   0.00403   130.508   -1.4274   1.06647   10.4324   -0.0242   5.99075
137  1    129.340   1.52880   1660.00   150.000   10.4126   0.00374   131.579   -2.2390   1.46453   10.4507   -0.0381   10.1805
138  1    129.907   1.67440   1790.00   150.000   10.4085   0.00548   132.836   -2.9283   1.74886   10.4584   -0.0499   9.10107
139  1    130.211   1.82000   1920.00   150.000   10.4056   0.00417   134.024   -3.8128   2.09493   10.4707   -0.0651   15.5944
140  1    130.971   2.02160   2100.00   150.000   10.4077   0.00481   135.309   -4.3379   2.14577   10.4820   -0.0743   15.4593
141  1    131.695   2.17840   2240.00   150.000   10.4277   0.00481   135.222   -3.5268   1.61897   10.4885   -0.0608   12.6268
142  1    132.596   2.40240   2440.00   150.000   10.4588   0.00461   134.970   -2.3738   0.98808   10.5001   -0.0413   8.96305
143  1    148.509   1.20400   1370.00   150.000   10.0719   0.00428   151.204   -2.6950   2.23837   10.1110   -0.0391   9.13321
144  1    148.906   1.42800   1570.00   150.000   10.0723   0.00384   152.740   -3.8346   2.68527   10.1281   -0.0559   14.5435
145  1    149.347   1.60720   1730.00   150.000   10.0751   0.00383   153.792   -4.4451   2.76576   10.1401   -0.0650   16.9850
146  1    149.948   1.79760   1900.00   150.000   10.0741   0.00659   155.191   -5.2431   2.91671   10.1510   -0.0768   11.6576

EOSFIT-7.6>fit
     146 data for V will be used in least-squares
 
 
  EOS Information
-------------------
 
    Title: 
Eos Saved:  3-OCT-2026 at 13:28
 
   System: 
    Class: Volume
   Pscale: GPa
   Vscale: cm^3/mol
   Stoichiometry:            1.000
 
  Compressibility
-------------------
 
    Model: Birch-Murnaghan
    Order:  3
   Pressure of reference:    0.000
 
      V0:  15.4000           :Reference pressure volume: units are cm^3/mol
      K0:  115.500           :Bulk modulus: units are GPa
      Kp:  4.99000           :dK/dP: dimensionless
     Kpp: -0.0507            :d2K/dP2: units are inverse GPa [IMPLIED VALUE]
 
 
  Thermal Expansion
-------------------
 
   Model: Mie-Gruneisen-Debye
           with q-compromise
 
   Temperature of reference:   300.00 K
 
   ThMGD:  417.000           :Debye temperature in K
   Natom:  2.00000           :Number of atoms per formula unit [FIXED VALUE]
   Gamm0:  2.42000           :Gruneisen parameter at Tref,Pref
 
  Scale factors for data groups
---------------------------------
   Sca 1:  1.00000           :Scale factor for data group 1 [FIXED VALUE]
 
    Do you want to change these EoS parameters or the EoS type? (Y/N) <N>?n

 SELECT PARAMETERS TO REFINE IN LEAST-SQUARES FIT:
           REFINE V0     (Y/N)?n
           REFINE K0     (Y/N)?n
           REFINE Kp     (Y/N)?n
     Parameters for thermal model
           REFINE ThMGD  (Y/N)?n
           REFINE Gamm0  (Y/N)?y

 SELECT WEIGHTING SCHEME:
     SIGMAS FOR P   PRESENT, USE IN WEIGHTS (Y/N)?y
     SIGMAS FOR T   PRESENT, USE IN WEIGHTS (Y/N)?y
     SIGMAS FOR V   PRESENT, USE IN WEIGHTS (Y/N)?y

     EQUATION FITTED WITH WEIGHTS DERIVED FROM sigma(P), sigma(T), sigma(V),




   RESULTS FROM CYCLE  1
 PARA REF          NEW            SHIFT            E.S.D.       SHIFT/ERROR
 V0      0        15.40000  [NOT REFINED]
 K0      0       115.50000  [NOT REFINED]
 Kp      0         4.99000  [NOT REFINED]
 Kpp     0        -0.05073  [IMPLIED VALUE]
     Parameters for thermal model
 ThMGD   0       417.00000  [NOT REFINED]
 Natom   0         2.00000  [FIXED VALUE]
 Gamm0   1         2.21448         -0.20552          0.03729          -5.51
     Dataset scale factors
 Sca 1   0         1.00000  [FIXED VALUE]
  REFERENCE TEMPERATURE = 300.00
 W-CHI^2 =   1.08 (AND ESD'S RESCALED BY W-CHI^2)


   RESULTS FROM CYCLE  2
 PARA REF          NEW            SHIFT            E.S.D.       SHIFT/ERROR
 V0      0        15.40000  [NOT REFINED]
 K0      0       115.50000  [NOT REFINED]
 Kp      0         4.99000  [NOT REFINED]
 Kpp     0        -0.05073  [IMPLIED VALUE]
     Parameters for thermal model
 ThMGD   0       417.00000  [NOT REFINED]
 Natom   0         2.00000  [FIXED VALUE]
 Gamm0   1         2.21545          0.00098          0.03498           0.03
     Dataset scale factors
 Sca 1   0         1.00000  [FIXED VALUE]
  REFERENCE TEMPERATURE = 300.00
 W-CHI^2 =   0.90 (ESD'S NOT RESCALED)


   RESULTS FROM CYCLE  3
 PARA REF          NEW            SHIFT            E.S.D.       SHIFT/ERROR
 V0      0        15.40000  [NOT REFINED]
 K0      0       115.50000  [NOT REFINED]
 Kp      0         4.99000  [NOT REFINED]
 Kpp     0        -0.05073  [IMPLIED VALUE]
     Parameters for thermal model
 ThMGD   0       417.00000  [NOT REFINED]
 Natom   0         2.00000  [FIXED VALUE]
 Gamm0   1         2.21545         -0.00001          0.03498          -0.00
     Dataset scale factors
 Sca 1   0         1.00000  [FIXED VALUE]
  REFERENCE TEMPERATURE = 300.00
 W-CHI^2 =   0.90 (ESD'S NOT RESCALED)


***********************MESSAGE FROM LEAST SQUARES***********************
Least Squares converged, indicated by small shift/esd
************************************************************************



   RESULTS AFTER FINAL REFINEMENT CYCLE
 PARA REF          NEW            SHIFT            E.S.D.       SHIFT/ERROR
 V0      0        15.40000  [NOT REFINED]
 K0      0       115.50000  [NOT REFINED]
 Kp      0         4.99000  [NOT REFINED]
 Kpp     0        -0.05073  [IMPLIED VALUE]
     Parameters for thermal model
 ThMGD   0       417.00000  [NOT REFINED]
 Natom   0         2.00000  [FIXED VALUE]
 Gamm0   1         2.21545         -0.00001          0.03498          -0.00
     Dataset scale factors
 Sca 1   0         1.00000  [FIXED VALUE]
  REFERENCE TEMPERATURE = 300.00
 W-CHI^2 =   0.90 (ESD'S NOT RESCALED)

 INPUT <CR> TO CONTINUE

  THE 146 LOADED DATA ARE AS FOLLOWS:
<-------------------------Observed Values---------------------------><----------------Calculated Values -------------------------------->
  N USE         P      esdP      T(K)      esdT       V      esd(V)      Pcal    deltaP delta/esd    V  cal    deltaV   delV/esd       Wt
              GPA                                  CM^3/MOL               GPa                       cm^3/mol
  1  1    29.5964   1.29360   1450.00   150.000   13.6915   0.00301   26.3200   3.27643   2.53280   13.4775   0.21405   71.1621   0.3539264
  2  1    29.6173   1.38320   1530.00   150.000   13.7501   0.00330   26.0434   3.57388   2.58378   13.5122   0.23785   72.0877   0.3261134
  3  1    29.6810   1.47280   1610.00   150.000   13.7997   0.00363   25.9114   3.76962   2.55949   13.5447   0.25501   70.3124   0.3008974
  4  1    29.9049   1.58480   1710.00   150.000   13.8950   0.00426   25.3136   4.59137   2.89713   13.5765   0.31848   74.8174   0.2726778
  5  1    33.1277   1.09200   1270.00   150.000   13.3755   0.00163   29.9742   3.15351   2.88783   13.1928   0.18263   112.317   0.4271978
  6  1    33.2312   1.18160   1350.00   150.000   13.4022   0.00199   30.1024   3.12876   2.64790   13.2191   0.18314   91.9097   0.3927563
  7  1    33.4179   1.31600   1470.00   150.000   13.4598   0.00519   30.0232   3.39469   2.57955   13.2572   0.20256   39.0223   0.3461241
  8  1    33.4179   1.31600   1470.00   150.000   13.4598   0.00519   30.0232   3.39469   2.57955   13.2572   0.20256   39.0223   0.3461241
  9  1    41.6518   1.03600   1220.00   150.000   12.8114   0.00274   40.1616   1.49022   1.43843   12.7412   0.07021   25.5835   0.4497706
 10  1    41.7693   1.15920   1330.00   150.000   12.8353   0.00263   40.4493   1.32000   1.13872   12.7724   0.06290   23.9485   0.4007582
 11  1    41.6736   1.26000   1420.00   150.000   12.8651   0.00241   40.4777   1.19595   0.94917   12.8074   0.05775   23.9743   0.3649928
 12  1    41.9291   1.36080   1510.00   150.000   12.9205   0.00185   40.0006   1.92849   1.41717   12.8259   0.09454   51.0037   0.3329009
 13  1    41.8033   1.43920   1580.00   150.000   12.9557   0.00343   39.8010   2.00231   1.39127   12.8562   0.09948   28.9930   0.3098588
 14  1    41.9176   1.50640   1640.00   150.000   12.9755   0.00226   39.8405   2.07710   1.37885   12.8716   0.10393   46.0331   0.2921327
 15  1    42.1986   1.62960   1750.00   150.000   13.0099   0.00374   39.9592   2.23936   1.37418   12.8965   0.11342   30.3606   0.2622271
 16  1    42.6556   1.78640   1890.00   150.000   13.0421   0.00396   40.3448   2.31080   1.29355   12.9237   0.11846   29.9283   0.2298620
 17  1    45.1681   1.06960   1250.00   150.000   12.6352   0.00424   44.1986   0.96951   0.90643   12.5925   0.04272   10.0812   0.4347033
 18  1    44.9994   1.17040   1340.00   150.000   12.6738   0.00406   43.9799   1.01945   0.87102   12.6281   0.04562   11.2347   0.3957866
 19  1    44.9909   1.24880   1410.00   150.000   12.6940   0.00419   44.0332   0.95772   0.76691   12.6508   0.04324   10.3262   0.3679754
 20  1    44.9010   1.38320   1530.00   150.000   12.7795   0.00235   43.0471   1.85388   1.34028   12.6936   0.08592   36.5325   0.3260877
 21  1    44.8590   1.52880   1660.00   150.000   12.8028   0.00322   43.4853   1.37367   0.89853   12.7382   0.06456   20.0688   0.2862175
 22  1    44.9072   1.64080   1760.00   150.000   12.8582   0.00294   43.0513   1.85587   1.13108   12.7694   0.08879   30.1785   0.2598324
 23  1    44.9390   1.74160   1850.00   150.000   12.9173   0.00362   42.4959   2.44311   1.40279   12.7983   0.11900   32.8915   0.2385651
 24  1    45.0022   1.84240   1940.00   150.000   12.9427   0.00392   42.6353   2.36685   1.28466   12.8261   0.11655   29.7022   0.2195739
 25  1    45.0678   1.90960   2000.00   150.000   12.9834   0.00433   42.2638   2.80394   1.46834   12.8437   0.13972   32.2542   0.2079965
 26  1    45.1985   2.02160   2100.00   150.000   13.0166   0.00520   42.3373   2.86115   1.41529   12.8722   0.14438   27.7758   0.1904272
 27  1    45.2392   2.12240   2190.00   150.000   13.1062   0.00466   41.2881   3.95113   1.86163   12.9020   0.20426   43.7917   0.1764643
 28  1    45.3343   2.23440   2290.00   150.000   13.1220   0.00493   41.7128   3.62148   1.62078   12.9330   0.18902   38.3563   0.1624452
 29  1    54.1843   1.03600   1220.00   150.000   12.2175   0.00381   54.2420   -0.0577   0.05569   12.2197   -0.0022   0.56528   0.4483346
 30  1    54.2740   1.08080   1260.00   150.000   12.2301   0.00219   54.1933   0.08074   0.07471   12.2270   0.00303   1.38201   0.4312189
 31  1    54.2970   1.17040   1340.00   150.000   12.2500   0.00200   54.2362   0.06079   0.05194   12.2477   0.00230   1.15215   0.3966166
 32  1    54.2284   1.27120   1430.00   150.000   12.2737   0.00174   54.2550   -0.0266   0.02091   12.2748   -0.0010   0.58224   0.3612838
 33  1    54.1407   1.32720   1480.00   150.000   12.3063   0.00205   53.7682   0.37246   0.28064   12.2919   0.01440   7.02149   0.3430898
 34  1    54.1687   1.43920   1580.00   150.000   12.3363   0.00247   53.7128   0.45599   0.31684   12.3185   0.01784   7.22693   0.3099195
 35  1    54.2215   1.55120   1680.00   150.000   12.3764   0.00333   53.4170   0.80451   0.51864   12.3444   0.03191   9.59202   0.2804757
 36  1    54.2202   1.62960   1750.00   150.000   12.4062   0.00459   53.1749   1.04534   0.64147   12.3643   0.04190   9.12482   0.2617007
 37  1    54.2211   1.69680   1810.00   150.000   12.4249   0.00480   53.1435   1.07759   0.63507   12.3814   0.04351   9.06447   0.2471537
 38  1    54.2430   1.77520   1880.00   150.000   12.4580   0.00387   52.8370   1.40600   0.79202   12.4006   0.05739   14.8162   0.2318248
 39  1    54.2302   1.84240   1940.00   150.000   12.4695   0.00403   52.9906   1.23959   0.67281   12.4186   0.05091   12.6421   0.2194124
 40  1    54.2358   1.93200   2020.00   150.000   12.4931   0.00415   52.9974   1.23840   0.64099   12.4417   0.05136   12.3658   0.2042241
 41  1    54.2892   2.04400   2120.00   150.000   12.5415   0.00433   52.5703   1.71889   0.84094   12.4691   0.07242   16.7057   0.1871691
 42  1    54.2243   2.13360   2200.00   150.000   12.5877   0.00492   52.0722   2.15202   1.00863   12.4957   0.09204   18.7007   0.1748306
 43  1    57.9981   1.12560   1300.00   150.000   12.0885   0.00309   58.3636   -0.3655   0.32474   12.1014   -0.0130   4.19841   0.4127622
 44  1    58.0563   1.24880   1410.00   150.000   12.1192   0.00340   58.2862   -0.2299   0.18409   12.1275   -0.0083   2.43106   0.3679053
 45  1    58.0852   1.30480   1460.00   150.000   12.1072   0.00322   58.9784   -0.8932   0.68455   12.1393   -0.0321   9.96726   0.3495463
 46  1    58.1264   1.37200   1520.00   150.000   12.1205   0.00278   59.0354   -0.9089   0.66248   12.1534   -0.0328   11.8036   0.3290314
 47  1    58.2363   1.49520   1630.00   150.000   12.1345   0.00286   59.4325   -1.1963   0.80008   12.1781   -0.0436   15.2112   0.2946594
 48  1    58.3077   1.57360   1700.00   150.000   12.1414   0.00286   59.7420   -1.4344   0.91151   12.1939   -0.0525   18.3799   0.2751180
 49  1    58.5404   1.65200   1770.00   150.000   12.1618   0.00263   59.6822   -1.1418   0.69115   12.2039   -0.0420   15.9596   0.2572581
 50  1    58.6663   1.74160   1850.00   150.000   12.2158   0.00254   58.7930   -0.1268   0.07280   12.2205   -0.0047   1.86404   0.2385996
<-------------------------Observed Values---------------------------><----------------Calculated Values -------------------------------->
  N USE         P      esdP      T(K)      esdT       V      esd(V)      Pcal    deltaP delta/esd    V  cal    deltaV   delV/esd       Wt
              GPA                                  CM^3/MOL               GPa                       cm^3/mol
 51  1    58.8002   1.83120   1930.00   150.000   12.2296   0.00340   58.9968   -0.1966   0.10737   12.2370   -0.0074   2.17492   0.2214727
 52  1    58.8179   1.92080   2010.00   150.000   12.2413   0.00282   59.2588   -0.4409   0.22954   12.2580   -0.0167   5.91417   0.2062202
 53  1    58.9342   1.98800   2070.00   150.000   12.2520   0.00379   59.4045   -0.4703   0.23658   12.2699   -0.0179   4.72127   0.1954463
 54  1    59.1212   2.11120   2180.00   150.000   12.2584   0.00401   60.0237   -0.9025   0.42747   12.2930   -0.0346   8.61301   0.1778385
 55  1    59.2891   2.18960   2250.00   150.000   12.2828   0.00503   59.8868   -0.5977   0.27297   12.3059   -0.0231   4.58163   0.1676017
 56  1    59.3838   2.27920   2330.00   150.000   12.2963   0.00797   60.1113   -0.7275   0.31919   12.3245   -0.0283   3.54461   0.1564336
 57  1    63.7709   1.12560   1300.00   150.000   11.9339   0.00325   62.8777   0.89323   0.79356   11.9045   0.02942   9.04413   0.4124203
 58  1    63.6024   1.17040   1340.00   150.000   11.9447   0.00340   62.8373   0.76508   0.65369   11.9194   0.02533   7.44829   0.3954182
 59  1    63.4838   1.26000   1420.00   150.000   11.9513   0.00291   63.2109   0.27293   0.21661   11.9422   0.00909   3.12952   0.3643093
 60  1    63.4353   1.32720   1480.00   150.000   11.9543   0.00321   63.5497   -0.1143   0.08616   11.9582   -0.0038   1.19057   0.3423362
 61  1    63.4263   1.40560   1550.00   150.000   11.9587   0.00173   63.9185   -0.4922   0.35014   11.9753   -0.0165   9.58017   0.3195401
 62  1    63.4708   1.49520   1630.00   150.000   11.9641   0.00191   64.3318   -0.8610   0.57585   11.9931   -0.0291   15.2066   0.2949246
 63  1    63.4788   1.55120   1680.00   150.000   11.9715   0.00200   64.4681   -0.9893   0.63777   12.0051   -0.0336   16.7728   0.2807429
 64  1    63.4561   1.64080   1760.00   150.000   11.9934   0.00234   64.3926   -0.9365   0.57078   12.0255   -0.0321   13.7108   0.2597586
 65  1    63.4578   1.71920   1830.00   150.000   12.0151   0.00190   64.2580   -0.8002   0.46544   12.0427   -0.0276   14.5487   0.2431961
 66  1    63.4820   1.79760   1900.00   150.000   12.0372   0.00200   64.1183   -0.6363   0.35398   12.0594   -0.0221   11.0954   0.2278804
 67  1    63.4522   1.88720   1980.00   150.000   12.0589   0.00209   64.0673   -0.6151   0.32592   12.0805   -0.0216   10.3305   0.2119057
 68  1    63.5647   1.97680   2060.00   150.000   12.0863   0.00276   63.8613   -0.2966   0.15006   12.0968   -0.0105   3.81269   0.1973113
 69  1    63.7663   2.11120   2180.00   150.000   12.1088   0.00246   64.0860   -0.3197   0.15143   12.1203   -0.0114   4.64637   0.1780405
 70  1    63.8600   2.22320   2280.00   150.000   12.1322   0.00476   64.1514   -0.2915   0.13110   12.1427   -0.0105   2.21347   0.1635287
 71  1    63.9175   2.32400   2370.00   150.000   12.1588   0.00333   64.0608   -0.1434   0.06169   12.1641   -0.0052   1.56933   0.1523298
 72  1    64.2285   2.38000   2420.00   150.000   12.1796   0.00397   63.8527   0.37574   0.15787   12.1658   0.01377   3.46884   0.1463798
 73  1    64.2644   2.48080   2510.00   150.000   12.2196   0.00305   63.4197   0.84472   0.34050   12.1882   0.03138   10.2845   0.1366725
 74  1    64.1073   2.51440   2540.00   150.000   12.2416   0.00389   63.0467   1.06057   0.42180   12.2019   0.03969   10.2026   0.1335360
 75  1    83.7593   1.26000   1420.00   150.000   11.3323   0.00310   84.4525   -0.6932   0.55013   11.3501   -0.0178   5.73999   0.3633686
 76  1    83.8346   1.33840   1490.00   150.000   11.3411   0.00342   84.6095   -0.7749   0.57895   11.3611   -0.0200   5.83621   0.3378837
 77  1    83.9210   1.41680   1560.00   150.000   11.3796   0.00341   83.6209   0.30008   0.21180   11.3718   0.00781   2.29360   0.3149050
 78  1    84.2479   1.55120   1680.00   150.000   11.3835   0.00317   84.3323   -0.0844   0.05439   11.3857   -0.0022   0.69613   0.2798663
 79  1    84.3992   1.61840   1740.00   150.000   11.3960   0.00245   84.2816   0.11761   0.07267   11.3929   0.00309   1.25993   0.2645104
 80  1    84.4442   1.69680   1810.00   150.000   11.4172   0.00298   83.9821   0.46207   0.27232   11.4049   0.01222   4.09703   0.2472283
 81  1    84.4649   1.77520   1880.00   150.000   11.4407   0.00254   83.5983   0.86658   0.48816   11.4176   0.02310   9.08385   0.2318134
 82  1    84.4635   1.86480   1960.00   150.000   11.4700   0.00311   83.0878   1.37568   0.73771   11.4329   0.03703   11.9027   0.2153090
 83  1    84.4695   1.97680   2060.00   150.000   11.4938   0.00347   82.9309   1.53855   0.77830   11.4520   0.04181   12.0338   0.1969242
 84  1    84.3718   2.10000   2170.00   150.000   11.5203   0.00710   82.7557   1.61608   0.76956   11.4759   0.04440   6.25706   0.1776210
 85  1    84.3526   2.17840   2240.00   150.000   11.5095   0.00636   83.6479   0.70466   0.32348   11.4901   0.01937   3.04728   0.1679742
 86  1    84.3375   2.27920   2330.00   150.000   11.5130   0.00536   84.1680   0.16953   0.07438   11.5083   0.00468   0.87315   0.1565549
 87  1    84.6732   2.40240   2440.00   150.000   11.5496   0.00623   83.6413   1.03197   0.42956   11.5208   0.02881   4.62457   0.1433464
 88  1    84.6227   2.48080   2510.00   150.000   11.5596   0.00717   83.7899   0.83282   0.33571   11.5362   0.02338   3.25862   0.1356015
 89  1    92.4086   1.47280   1610.00   150.000   11.2253   0.00678   90.0965   2.31210   1.56987   11.1697   0.05567   8.20587   0.2942886
 90  1    92.4186   1.69680   1810.00   150.000   11.2230   0.00358   91.6248   0.79381   0.46783   11.2037   0.01925   5.38031   0.2466830
 91  1    92.8268   1.80880   1910.00   150.000   11.2114   0.00237   92.8163   0.01043   0.00577   11.2112   0.00025   0.10669   0.2254820
 92  1    92.8125   1.57360   1700.00   150.000   11.1689   0.00178   93.0840   -0.2715   0.17254   11.1754   -0.0065   3.63016   0.2751645
 93  1    92.7971   1.46160   1600.00   150.000   11.1518   0.00176   93.0921   -0.2951   0.20187   11.1588   -0.0070   3.96800   0.3036367
 94  1    93.0799   1.75280   1860.00   150.000   11.1819   0.00201   93.6836   -0.6037   0.34442   11.1964   -0.0145   7.20289   0.2362537
 95  1    93.2651   1.84240   1940.00   150.000   11.1915   0.00212   93.8559   -0.5908   0.32068   11.2058   -0.0142   6.71318   0.2194896
 96  1    93.4954   1.95440   2040.00   150.000   11.2112   0.00321   93.7548   -0.2594   0.13274   11.2175   -0.0063   1.96316   0.2003433
 97  1    93.6135   2.04400   2120.00   150.000   11.2305   0.00254   93.5370   0.07656   0.03746   11.2286   0.00187   0.73502   0.1871497
 98  1    93.7267   2.16720   2230.00   150.000   11.2545   0.00216   93.3452   0.38159   0.17608   11.2451   0.00940   4.35258   0.1706675
 99  1    94.0063   2.34640   2390.00   150.000   11.2763   0.00251   93.6166   0.38962   0.16605   11.2666   0.00970   3.86054   0.1498989
100  1    94.0082   2.44720   2480.00   150.000   11.3218   0.00372   92.4522   1.55601   0.63583   11.2826   0.03924   10.5497   0.1395517
<-------------------------Observed Values---------------------------><----------------Calculated Values -------------------------------->
  N USE         P      esdP      T(K)      esdT       V      esd(V)      Pcal    deltaP delta/esd    V  cal    deltaV   delV/esd       Wt
              GPA                                  CM^3/MOL               GPa                       cm^3/mol
101  1    94.2592   2.52560   2550.00   150.000   11.3218   0.00436   92.9563   1.30286   0.51586   11.2888   0.03290   7.55274   0.1322094
102  1    108.263   1.60720   1730.00   150.000   10.7924   0.00317   110.543   -2.2796   1.41839   10.8387   -0.0463   14.6115   0.2659255
103  1    108.554   1.68560   1800.00   150.000   10.7941   0.00283   110.962   -2.4083   1.42876   10.8430   -0.0489   17.2789   0.2491206
104  1    109.100   1.87600   1970.00   150.000   10.8122   0.00211   111.280   -2.1797   1.16188   10.8568   -0.0446   21.1754   0.2134877
105  1    109.347   1.61840   1740.00   150.000   10.7958   0.00192   110.447   -1.0999   0.67963   10.8180   -0.0222   11.5901   0.2644850
106  1    109.266   1.49520   1630.00   150.000   10.7874   0.00176   110.077   -0.8113   0.54258   10.8037   -0.0163   9.29013   0.2945389
107  1    109.210   1.39440   1540.00   150.000   10.7763   0.00180   109.988   -0.7777   0.55775   10.7919   -0.0156   8.64736   0.3222150
108  1    109.146   1.28240   1440.00   150.000   10.7660   0.00176   109.790   -0.6443   0.50240   10.7789   -0.0128   7.27743   0.3568347
109  1    109.052   1.17040   1340.00   150.000   10.7582   0.00195   109.472   -0.4202   0.35906   10.7665   -0.0083   4.27675   0.3955337
110  1    109.097   1.17040   1340.00   150.000   10.7565   0.00201   109.558   -0.4613   0.39416   10.7656   -0.0091   4.53422   0.3954217
111  1    109.504   1.57360   1700.00   150.000   10.7856   0.00200   110.670   -1.1658   0.74086   10.8090   -0.0235   11.7569   0.2748365
112  1    109.609   1.68560   1800.00   150.000   10.7949   0.00190   110.918   -1.3096   0.77693   10.8214   -0.0265   13.9499   0.2498008
113  1    109.780   1.74160   1850.00   150.000   10.7970   0.00186   111.174   -1.3943   0.80056   10.8252   -0.0282   15.1881   0.2383779
114  1    109.961   1.89840   1990.00   150.000   10.8106   0.00205   111.504   -1.5430   0.81279   10.8420   -0.0315   15.3299   0.2097228
115  1    110.057   1.98800   2070.00   150.000   10.8249   0.00238   111.373   -1.3160   0.66197   10.8519   -0.0270   11.3261   0.1953047
116  1    110.219   2.08880   2160.00   150.000   10.8502   0.00258   110.783   -0.5640   0.26999   10.8618   -0.0117   4.52250   0.1807204
117  1    110.303   2.18960   2250.00   150.000   10.8687   0.00300   110.533   -0.2307   0.10535   10.8735   -0.0048   1.59804   0.1674983
118  1    110.562   2.26800   2320.00   150.000   10.8740   0.00369   110.781   -0.2191   0.09659   10.8785   -0.0046   1.23909   0.1579708
119  1    110.756   2.36880   2410.00   150.000   10.8899   0.00549   110.664   0.09226   0.03895   10.8880   0.00194   0.35260   0.1463090
120  1    110.707   2.49200   2520.00   150.000   10.9344   0.00455   109.354   1.35292   0.54291   10.9056   0.02879   6.31966   0.1349351
121  1    110.928   2.57040   2590.00   150.000   10.9509   0.00494   109.086   1.84265   0.71687   10.9115   0.03940   7.97658   0.1279564
122  1    115.855   1.70800   1820.00   150.000   10.6053   0.00627   120.909   -5.0545   2.95933   10.7006   -0.0953   15.2041   0.2389206
123  1    116.306   1.71920   1830.00   150.000   10.5870   0.00644   121.980   -5.6739   3.30029   10.6933   -0.1063   16.5158   0.2362759
124  1    116.740   1.90960   2000.00   150.000   10.6021   0.00547   122.371   -5.6307   2.94864   10.7084   -0.1062   19.4141   0.2045510
125  1    117.407   1.97680   2060.00   150.000   10.6257   0.00423   121.530   -4.1234   2.08587   10.7038   -0.0781   18.4564   0.1955538
126  1    117.832   2.13360   2200.00   150.000   10.6405   0.00487   121.737   -3.9045   1.83000   10.7150   -0.0744   15.2905   0.1731773
127  1    118.498   2.30160   2350.00   150.000   10.6947   0.00651   119.956   -1.4583   0.63362   10.7229   -0.0282   4.33257   0.1522738
128  1    118.847   2.39120   2430.00   150.000   10.6960   0.00459   120.462   -1.6148   0.67529   10.7273   -0.0313   6.80606   0.1442930
129  1    118.550   1.90960   2000.00   150.000   10.6173   0.00962   121.553   -3.0032   1.57267   10.6737   -0.0564   5.86217   0.1972858
130  1    118.524   1.79760   1900.00   150.000   10.6006   0.00661   121.738   -3.2138   1.78785   10.6606   -0.0600   9.06509   0.2215420
131  1    118.494   1.68560   1800.00   150.000   10.5952   0.00854   121.314   -2.8204   1.67325   10.6476   -0.0524   6.13281   0.2375288
132  1    118.350   1.57360   1700.00   150.000   10.5937   0.00797   120.683   -2.3330   1.48256   10.6369   -0.0432   5.42550   0.2620187
133  1    118.373   1.46160   1600.00   150.000   10.5816   0.00963   120.631   -2.2587   1.54538   10.6232   -0.0416   4.32147   0.2805002
134  1    118.240   1.23760   1400.00   150.000   10.5806   0.00776   119.257   -1.0166   0.82139   10.5992   -0.0186   2.39862   0.3494507
135  1    128.752   1.15920   1330.00   150.000   10.4041   0.00358   128.841   -0.0885   0.07639   10.4055   -0.0015   0.41516   0.3940595
136  1    129.081   1.33840   1490.00   150.000   10.4082   0.00403   129.735   -0.6538   0.48850   10.4193   -0.0110   2.73562   0.3334279
137  1    129.340   1.52880   1660.00   150.000   10.4126   0.00374   130.694   -1.3531   0.88511   10.4355   -0.0230   6.13112   0.2826080
138  1    129.907   1.67440   1790.00   150.000   10.4085   0.00548   131.864   -1.9566   1.16854   10.4417   -0.0332   6.05734   0.2461677
139  1    130.211   1.82000   1920.00   150.000   10.4056   0.00417   132.966   -2.7552   1.51383   10.4525   -0.0468   11.2213   0.2208684
140  1    130.971   2.02160   2100.00   150.000   10.4077   0.00481   134.132   -3.1613   1.56374   10.4616   -0.0539   11.2131   0.1878782
141  1    131.695   2.17840   2240.00   150.000   10.4277   0.00481   133.953   -2.2576   1.03634   10.4664   -0.0387   8.04192   0.1672112
142  1    132.596   2.40240   2440.00   150.000   10.4588   0.00461   133.568   -0.9722   0.40470   10.4756   -0.0168   3.65069   0.1428896
143  1    148.509   1.20400   1370.00   150.000   10.0719   0.00428   150.509   -2.0006   1.66162   10.1009   -0.0290   6.76355   0.3721257
144  1    148.906   1.42800   1570.00   150.000   10.0723   0.00384   151.914   -3.0082   2.10658   10.1160   -0.0437   11.3772   0.3065833
145  1    149.347   1.60720   1730.00   150.000   10.0751   0.00383   152.860   -3.5131   2.18585   10.1263   -0.0512   13.3795   0.2627302
146  1    149.948   1.79760   1900.00   150.000   10.0741   0.00659   154.147   -4.1987   2.33572   10.1354   -0.0613   9.30113   0.2176688

  FITTING STATISTICS FOR 1 PARAMETERS FITTED TO 146 DATA:
      CHI^2 (WEIGHTED)=   0.9023
      MAXIMUM DELTA-PRESSURE=-5.674


CORRELATION COEFFICIENTS (IN %)
  VARIABLE      Gamm0
    Gamm0:     100.0


  VARIANCE-COVARIANCE MATRIX NOT RESCALED
  VARIABLE     Gamm0
    Gamm0:   0.00122

 UPDATE EOS PARAMETERS (Y/N)?y
                                       FURTHER CALCULATIONS (Y/N)?n

EOSFIT-7.6>save /Users/clemens/Programming/peritheos/docs/data/fes-eosfit7c-q-compromise/morard-errors/fitted.eos
 
 
  EOS Information
-------------------
 
    Title: 
Eos Saved:  3-OCT-2026 at 13:28
 
   System: 
    Class: Volume
   Pscale: GPa
   Vscale: cm^3/mol
   Stoichiometry:            1.000
 
  Compressibility
-------------------
 
    Model: Birch-Murnaghan
    Order:  3
   Pressure of reference:    0.000
 
      V0:  15.4000           :Reference pressure volume: units are cm^3/mol
      K0:  115.500           :Bulk modulus: units are GPa
      Kp:  4.99000           :dK/dP: dimensionless
     Kpp: -0.0507            :d2K/dP2: units are inverse GPa [IMPLIED VALUE]
 
 
  Thermal Expansion
-------------------
 
   Model: Mie-Gruneisen-Debye
           with q-compromise
 
   Temperature of reference:   300.00 K
 
   ThMGD:  417.000           :Debye temperature in K
   Natom:  2.00000           :Number of atoms per formula unit [FIXED VALUE]
   Gamm0:  2.22(3)           :Gruneisen parameter at Tref,Pref
 
  Scale factors for data groups
---------------------------------
   Sca 1:  1.00000           :Scale factor for data group 1 [FIXED VALUE]
 

      Do you want to save this EoS to file (Y/N) <Y>?y


Successfully opened file for eos
Named /Users/clemens/Programming/peritheos/docs/data/fes-eosfit7c-q-compromise/morard-errors/fitted.eos


     Eos parameters written to file /Users/clemens/Programming/peritheos/docs/data/fes-eosfit7c-q-compromise/morard-errors/fitted.eos


EOSFIT-7.6>
***** Macro completed

EOSFIT-7.6>