***********************************************************************************************************************
*                                                                                                                     *
*                                                     EOSFIT7c                                                        *
*                                                                                                                     *
*             Authors: RJ ANGEL, J GONZALEZ-PLATAS, M ALVARO, ML MAZZUCCHELLI                                         *
*        Version date: 13-May-2021                                                                                    *
*             Version:  7.60                                                                                          *
*                                                                                                                     *
*                                                                                                                     *
*        INCLUDING LEAST SQUARES BY I.G. WOOD & J. PIPER AND USING THE CrysFML EOS MODULE.                            *
*                                                                                                                     *
*        EosFit7c: Angel, Gonzalez-Platas, Alvaro (2014) Zeitschrift fuer Kristallographie, 229:405-419.              *
*        Phase Transitions: Angel et al (2017) Contribs Min Pet, DOI:10.1007/s00410-017-1349-x                        *
*        Fitting Moduli: Milani et al. (2017) Amer Min, DOI:10.2138/am-2017-5855                                      *
*                                                                                                                     *
*        Development currently supported by ERC grant 714936, TrueDepths to M. Alvaro, and                            *
*                          Agencia Estatal de Investigacion under                                                     *
*        National Program of Sciences and Technological Materials (PID2019-106383GB-C44) to J. Gonzalez-Platas        *
*        For more information see the help system                                                                     *
*                                                                                                                     *
*                                                                                                                     *
*        Current date and time:  3-OCT-2026 10:35                                                                     *
*                                                                                                                     *
***********************************************************************************************************************

EOSFIT-7.6>

Successfully opened file for macros
Named /Users/clemens/Programming/peritheos/docs/data/fes-eosfit7c/combined-errors/run.mcr

***** Running macro

EOSFIT-7.6>log /Users/clemens/Programming/peritheos/docs/data/fes-eosfit7c/combined-errors/run.log


Successfully opened Log file
Named /Users/clemens/Programming/peritheos/docs/data/fes-eosfit7c/combined-errors/run.log


EOSFIT-7.6>read /Users/clemens/Programming/peritheos/docs/data/fes-eosfit7c/combined-errors/input.dat


Successfully opened data file
Named /Users/clemens/Programming/peritheos/docs/data/fes-eosfit7c/combined-errors/input.dat



        The title on the file is: FeS audit combined unchanged observations
             The data in the file is for:T  ,P  ,V
               with esds in the file for:T  ,P  ,V

Only data available is for V: This will be selected

           The title on the data file is:  FeS audit combined unchanged observations

  THE 159 LOADED DATA ARE AS FOLLOWS:
<------------------------Observed Values-------------------------->
  N USE         P      esdP      T(K)      esdT       V      esd(V)
              GPA                                  CM^3/MOL
  1  1    29.5964   1.29360   1450.00   150.000   13.6915   0.00301
  2  1    29.6173   1.38320   1530.00   150.000   13.7501   0.00330
  3  1    29.6810   1.47280   1610.00   150.000   13.7997   0.00363
  4  1    29.9049   1.58480   1710.00   150.000   13.8950   0.00426
  5  1    33.1277   1.09200   1270.00   150.000   13.3755   0.00163
  6  1    33.2312   1.18160   1350.00   150.000   13.4022   0.00199
  7  1    33.4179   1.31600   1470.00   150.000   13.4598   0.00519
  8  1    33.4179   1.31600   1470.00   150.000   13.4598   0.00519
  9  1    41.6518   1.03600   1220.00   150.000   12.8114   0.00274
 10  1    41.7693   1.15920   1330.00   150.000   12.8353   0.00263
 11  1    41.6736   1.26000   1420.00   150.000   12.8651   0.00241
 12  1    41.9291   1.36080   1510.00   150.000   12.9205   0.00185
 13  1    41.8033   1.43920   1580.00   150.000   12.9557   0.00343
 14  1    41.9176   1.50640   1640.00   150.000   12.9755   0.00226
 15  1    42.1986   1.62960   1750.00   150.000   13.0099   0.00374
 16  1    42.6556   1.78640   1890.00   150.000   13.0421   0.00396
 17  1    45.1681   1.06960   1250.00   150.000   12.6352   0.00424
 18  1    44.9994   1.17040   1340.00   150.000   12.6738   0.00406
 19  1    44.9909   1.24880   1410.00   150.000   12.6940   0.00419
 20  1    44.9010   1.38320   1530.00   150.000   12.7795   0.00235
 21  1    44.8590   1.52880   1660.00   150.000   12.8028   0.00322
 22  1    44.9072   1.64080   1760.00   150.000   12.8582   0.00294
 23  1    44.9390   1.74160   1850.00   150.000   12.9173   0.00362
 24  1    45.0022   1.84240   1940.00   150.000   12.9427   0.00392
 25  1    45.0678   1.90960   2000.00   150.000   12.9834   0.00433
 26  1    45.1985   2.02160   2100.00   150.000   13.0166   0.00520
 27  1    45.2392   2.12240   2190.00   150.000   13.1062   0.00466
 28  1    45.3343   2.23440   2290.00   150.000   13.1220   0.00493
 29  1    54.1843   1.03600   1220.00   150.000   12.2175   0.00381
 30  1    54.2740   1.08080   1260.00   150.000   12.2301   0.00219
 31  1    54.2970   1.17040   1340.00   150.000   12.2500   0.00200
 32  1    54.2284   1.27120   1430.00   150.000   12.2737   0.00174
 33  1    54.1407   1.32720   1480.00   150.000   12.3063   0.00205
 34  1    54.1687   1.43920   1580.00   150.000   12.3363   0.00247
 35  1    54.2215   1.55120   1680.00   150.000   12.3764   0.00333
 36  1    54.2202   1.62960   1750.00   150.000   12.4062   0.00459
 37  1    54.2211   1.69680   1810.00   150.000   12.4249   0.00480
 38  1    54.2430   1.77520   1880.00   150.000   12.4580   0.00387
 39  1    54.2302   1.84240   1940.00   150.000   12.4695   0.00403
 40  1    54.2358   1.93200   2020.00   150.000   12.4931   0.00415
 41  1    54.2892   2.04400   2120.00   150.000   12.5415   0.00433
 42  1    54.2243   2.13360   2200.00   150.000   12.5877   0.00492
 43  1    57.9981   1.12560   1300.00   150.000   12.0885   0.00309
 44  1    58.0563   1.24880   1410.00   150.000   12.1192   0.00340
 45  1    58.0852   1.30480   1460.00   150.000   12.1072   0.00322
 46  1    58.1264   1.37200   1520.00   150.000   12.1205   0.00278
 47  1    58.2363   1.49520   1630.00   150.000   12.1345   0.00286
 48  1    58.3077   1.57360   1700.00   150.000   12.1414   0.00286
 49  1    58.5404   1.65200   1770.00   150.000   12.1618   0.00263
 50  1    58.6663   1.74160   1850.00   150.000   12.2158   0.00254
<------------------------Observed Values-------------------------->
  N USE         P      esdP      T(K)      esdT       V      esd(V)
              GPA                                  CM^3/MOL
 51  1    58.8002   1.83120   1930.00   150.000   12.2296   0.00340
 52  1    58.8179   1.92080   2010.00   150.000   12.2413   0.00282
 53  1    58.9342   1.98800   2070.00   150.000   12.2520   0.00379
 54  1    59.1212   2.11120   2180.00   150.000   12.2584   0.00401
 55  1    59.2891   2.18960   2250.00   150.000   12.2828   0.00503
 56  1    59.3838   2.27920   2330.00   150.000   12.2963   0.00797
 57  1    63.7709   1.12560   1300.00   150.000   11.9339   0.00325
 58  1    63.6024   1.17040   1340.00   150.000   11.9447   0.00340
 59  1    63.4838   1.26000   1420.00   150.000   11.9513   0.00291
 60  1    63.4353   1.32720   1480.00   150.000   11.9543   0.00321
 61  1    63.4263   1.40560   1550.00   150.000   11.9587   0.00173
 62  1    63.4708   1.49520   1630.00   150.000   11.9641   0.00191
 63  1    63.4788   1.55120   1680.00   150.000   11.9715   0.00200
 64  1    63.4561   1.64080   1760.00   150.000   11.9934   0.00234
 65  1    63.4578   1.71920   1830.00   150.000   12.0151   0.00190
 66  1    63.4820   1.79760   1900.00   150.000   12.0372   0.00200
 67  1    63.4522   1.88720   1980.00   150.000   12.0589   0.00209
 68  1    63.5647   1.97680   2060.00   150.000   12.0863   0.00276
 69  1    63.7663   2.11120   2180.00   150.000   12.1088   0.00246
 70  1    63.8600   2.22320   2280.00   150.000   12.1322   0.00476
 71  1    63.9175   2.32400   2370.00   150.000   12.1588   0.00333
 72  1    64.2285   2.38000   2420.00   150.000   12.1796   0.00397
 73  1    64.2644   2.48080   2510.00   150.000   12.2196   0.00305
 74  1    64.1073   2.51440   2540.00   150.000   12.2416   0.00389
 75  1    83.7593   1.26000   1420.00   150.000   11.3323   0.00310
 76  1    83.8346   1.33840   1490.00   150.000   11.3411   0.00342
 77  1    83.9210   1.41680   1560.00   150.000   11.3796   0.00341
 78  1    84.2479   1.55120   1680.00   150.000   11.3835   0.00317
 79  1    84.3992   1.61840   1740.00   150.000   11.3960   0.00245
 80  1    84.4442   1.69680   1810.00   150.000   11.4172   0.00298
 81  1    84.4649   1.77520   1880.00   150.000   11.4407   0.00254
 82  1    84.4635   1.86480   1960.00   150.000   11.4700   0.00311
 83  1    84.4695   1.97680   2060.00   150.000   11.4938   0.00347
 84  1    84.3718   2.10000   2170.00   150.000   11.5203   0.00710
 85  1    84.3526   2.17840   2240.00   150.000   11.5095   0.00636
 86  1    84.3375   2.27920   2330.00   150.000   11.5130   0.00536
 87  1    84.6732   2.40240   2440.00   150.000   11.5496   0.00623
 88  1    84.6227   2.48080   2510.00   150.000   11.5596   0.00717
 89  1    92.4086   1.47280   1610.00   150.000   11.2253   0.00678
 90  1    92.4186   1.69680   1810.00   150.000   11.2230   0.00358
 91  1    92.8268   1.80880   1910.00   150.000   11.2114   0.00237
 92  1    92.8125   1.57360   1700.00   150.000   11.1689   0.00178
 93  1    92.7971   1.46160   1600.00   150.000   11.1518   0.00176
 94  1    93.0799   1.75280   1860.00   150.000   11.1819   0.00201
 95  1    93.2651   1.84240   1940.00   150.000   11.1915   0.00212
 96  1    93.4954   1.95440   2040.00   150.000   11.2112   0.00321
 97  1    93.6135   2.04400   2120.00   150.000   11.2305   0.00254
 98  1    93.7267   2.16720   2230.00   150.000   11.2545   0.00216
 99  1    94.0063   2.34640   2390.00   150.000   11.2763   0.00251
100  1    94.0082   2.44720   2480.00   150.000   11.3218   0.00372
<------------------------Observed Values-------------------------->
  N USE         P      esdP      T(K)      esdT       V      esd(V)
              GPA                                  CM^3/MOL
101  1    94.2592   2.52560   2550.00   150.000   11.3218   0.00436
102  1    108.263   1.60720   1730.00   150.000   10.7924   0.00317
103  1    108.554   1.68560   1800.00   150.000   10.7941   0.00283
104  1    109.100   1.87600   1970.00   150.000   10.8122   0.00211
105  1    109.347   1.61840   1740.00   150.000   10.7958   0.00192
106  1    109.266   1.49520   1630.00   150.000   10.7874   0.00176
107  1    109.210   1.39440   1540.00   150.000   10.7763   0.00180
108  1    109.146   1.28240   1440.00   150.000   10.7660   0.00176
109  1    109.052   1.17040   1340.00   150.000   10.7582   0.00195
110  1    109.097   1.17040   1340.00   150.000   10.7565   0.00201
111  1    109.504   1.57360   1700.00   150.000   10.7856   0.00200
112  1    109.609   1.68560   1800.00   150.000   10.7949   0.00190
113  1    109.780   1.74160   1850.00   150.000   10.7970   0.00186
114  1    109.961   1.89840   1990.00   150.000   10.8106   0.00205
115  1    110.057   1.98800   2070.00   150.000   10.8249   0.00238
116  1    110.219   2.08880   2160.00   150.000   10.8502   0.00258
117  1    110.303   2.18960   2250.00   150.000   10.8687   0.00300
118  1    110.562   2.26800   2320.00   150.000   10.8740   0.00369
119  1    110.756   2.36880   2410.00   150.000   10.8899   0.00549
120  1    110.707   2.49200   2520.00   150.000   10.9344   0.00455
121  1    110.928   2.57040   2590.00   150.000   10.9509   0.00494
122  1    115.855   1.70800   1820.00   150.000   10.6053   0.00627
123  1    116.306   1.71920   1830.00   150.000   10.5870   0.00644
124  1    116.740   1.90960   2000.00   150.000   10.6021   0.00547
125  1    117.407   1.97680   2060.00   150.000   10.6257   0.00423
126  1    117.832   2.13360   2200.00   150.000   10.6405   0.00487
127  1    118.498   2.30160   2350.00   150.000   10.6947   0.00651
128  1    118.847   2.39120   2430.00   150.000   10.6960   0.00459
129  1    118.550   1.90960   2000.00   150.000   10.6173   0.00962
130  1    118.524   1.79760   1900.00   150.000   10.6006   0.00661
131  1    118.494   1.68560   1800.00   150.000   10.5952   0.00854
132  1    118.350   1.57360   1700.00   150.000   10.5937   0.00797
133  1    118.373   1.46160   1600.00   150.000   10.5816   0.00963
134  1    118.240   1.23760   1400.00   150.000   10.5806   0.00776
135  1    128.752   1.15920   1330.00   150.000   10.4041   0.00358
136  1    129.081   1.33840   1490.00   150.000   10.4082   0.00403
137  1    129.340   1.52880   1660.00   150.000   10.4126   0.00374
138  1    129.907   1.67440   1790.00   150.000   10.4085   0.00548
139  1    130.211   1.82000   1920.00   150.000   10.4056   0.00417
140  1    130.971   2.02160   2100.00   150.000   10.4077   0.00481
141  1    131.695   2.17840   2240.00   150.000   10.4277   0.00481
142  1    132.596   2.40240   2440.00   150.000   10.4588   0.00461
143  1    148.509   1.20400   1370.00   150.000   10.0719   0.00428
144  1    148.906   1.42800   1570.00   150.000   10.0723   0.00384
145  1    149.347   1.60720   1730.00   150.000   10.0751   0.00383
146  1    149.948   1.79760   1900.00   150.000   10.0741   0.00659
147  1    68.9000   0.40000   300.000   0.00000   11.5490   0.00452
148  1    84.8000   0.40000   300.000   0.00000   11.0747   0.00452
149  1    101.100   0.20000   300.000   0.00000   10.7345   0.00452
150  1    70.3000   0.10000   300.000   0.00000   11.4752   0.00301
151  1    39.0000   0.10000   300.000   0.00000   12.4839   0.00452
152  1    44.3000   0.10000   300.000   0.00000   12.3062   0.00452
153  1    112.300   0.50000   300.000   0.00000   10.5297   0.00903
154  1    130.600   0.50000   300.000   0.00000   10.2753   0.00903
155  1    148.500   0.60000   300.000   0.00000   10.0103   0.00753
156  1    170.500   0.60000   300.000   0.00000   9.74232   0.00753
157  1    185.500   0.60000   300.000   0.00000   9.47283   0.00753
158  1    198.200   0.60000   300.000   0.00000   9.37948   0.00753
159  1    214.500   0.60000   300.000   0.00000   9.23043   0.00753

       Esds available for all data points for:  P, V
      Esds available for some data points for:  T

EOSFIT-7.6>input

*************************************Commands to input or change EoS parameters ***************************************


   Type HELP for a list of commands to change EoS types or parameters


INPUT EOS>pr

     Available equations of state are:
     1=Murnaghan, 2=Birch-Murnaghan, 3=Vinet, 4=Natural Strain, 5=Tait, 6=APL, 7=Kumar,

     Input choice (0 for none, space for no change):2

INPUT ORDER OF EOS (2,3,4):3


INPUT EOS PARAMETERS, <CR> FOR NO CHANGE:
          VALUE OF V0    (     1.000):15.4
          VALUE OF K0    (    10.000):115.5
          VALUE OF Kp    (     4.000):4.99
 
 
  EOS Information
-------------------
 
    Title: 
Eos Saved: 
 
   System: 
    Class: Volume
   Stoichiometry:            1.000
 
  Compressibility
-------------------
 
    Model: Birch-Murnaghan
    Order:  3
   Pressure of reference:    0.000
 
      V0:  15.4000           :Reference pressure volume: units as volume data
      K0:  115.500           :Bulk modulus: same units as pressure data
      Kp:  4.99000           :dK/dP: dimensionless
     Kpp: -0.0507            :d2K/dP2: inverse pressure units [IMPLIED VALUE]
 
 
  Scale factors for data groups
---------------------------------
   Sca 1:  1.00000           :Scale factor for data group 1 [FIXED VALUE]
 

INPUT EOS>th

     Available thermal expansion equations are:
       1=Berman 1988,  2=Fei 1995,  3=Modified HP1998,  4=Kroll,  5=Salje low-T,
     Available thermal-pressure EoS are:
       6=HP Thermal Pressure,  7=Mie-Gruneisen-Debye,  8=Einstein Oscillator,

     Input choice (0 for none, space for no change):7

INPUT THERMAL PARAMETERS FOR Mie-Gruneisen-Debye <CR> FOR NO CHANGE:


*****WARNING: EoS must have a Pscale in kbar or GPa and a Vscale in cm3/mol set to get correct results.

    Reference temperature ( 298.0K):300

     Do you want to use q-compromise version (Y/N) <N>?n

    Reference pressure volume: units as volume data:
                    VALUE OF V0    (    15.400):15.4
    Debye temperature in K:
                    VALUE OF ThMGD (   298.000):417
    Number of atoms per formula unit:
                    VALUE OF Natom (     1.000):2

*****INFORMATION*****

    Gamma0 and q are  refineable parameters in the thermal-pressure model

    Gruneisen parameter at Tref,Pref:
                    VALUE OF Gamm0 (     1.000):2.42
    Gruneisen power law in V/V0:
                    VALUE OF q     (     0.000):1

*****The results of the thermal pressure model depend on the EoS parameters

*****WARNING: EoS must have a Pscale in kbar or GPa and a Vscale in cm3/mol set to get correct results.

 
 
  EOS Information
-------------------
 
    Title: 
Eos Saved: 
 
   System: 
    Class: Volume
   Stoichiometry:            1.000
 
  Compressibility
-------------------
 
    Model: Birch-Murnaghan
    Order:  3
   Pressure of reference:    0.000
 
      V0:  15.4000           :Reference pressure volume: units as volume data
      K0:  115.500           :Bulk modulus: same units as pressure data
      Kp:  4.99000           :dK/dP: dimensionless
     Kpp: -0.0507            :d2K/dP2: inverse pressure units [IMPLIED VALUE]
 
 
  Thermal Expansion
-------------------
 
   Model: Mie-Gruneisen-Debye
 
   Temperature of reference:   300.00 K
 
   ThMGD:  417.000           :Debye temperature in K
   Natom:  2.00000           :Number of atoms per formula unit [FIXED VALUE]
   Gamm0:  2.42000           :Gruneisen parameter at Tref,Pref
       q:  1.00000           :Gruneisen power law in V/V0
 
  Scale factors for data groups
---------------------------------
   Sca 1:  1.00000           :Scale factor for data group 1 [FIXED VALUE]
 

INPUT EOS>pscale

     This command allows you to label the output parameters with the pressure scale name (e.g. 'GPa')
     It does not change the parameter values or the P values in the dataset!

     No pressure scale name has been set

     Input name of pressure scale, blank for no change, or 'none':GPa

     The pressure scale name is: GPa

 
 
  EOS Information
-------------------
 
    Title: 
Eos Saved: 
 
   System: 
    Class: Volume
   Pscale: GPa
   Stoichiometry:            1.000
 
  Compressibility
-------------------
 
    Model: Birch-Murnaghan
    Order:  3
   Pressure of reference:    0.000
 
      V0:  15.4000           :Reference pressure volume: units as volume data
      K0:  115.500           :Bulk modulus: units are GPa
      Kp:  4.99000           :dK/dP: dimensionless
     Kpp: -0.0507            :d2K/dP2: units are inverse GPa [IMPLIED VALUE]
 
 
  Thermal Expansion
-------------------
 
   Model: Mie-Gruneisen-Debye
 
   Temperature of reference:   300.00 K
 
   ThMGD:  417.000           :Debye temperature in K
   Natom:  2.00000           :Number of atoms per formula unit [FIXED VALUE]
   Gamm0:  2.42000           :Gruneisen parameter at Tref,Pref
       q:  1.00000           :Gruneisen power law in V/V0
 
  Scale factors for data groups
---------------------------------
   Sca 1:  1.00000           :Scale factor for data group 1 [FIXED VALUE]
 

INPUT EOS>vscale

     This command allows you to label the output parameters with the volume scale name (e.g. 'cm3/mol')
     For linear data and Eos, use this for the name of the linear units (e.g. 'A')
     It does not change the parameter values or the values of the data!

     No volume/linear scale name has been set

     Input name of volume scale, blank for no change, or 'none':cm^3/mol

     The volume scale name is: cm^3/mol

 
 
  EOS Information
-------------------
 
    Title: 
Eos Saved: 
 
   System: 
    Class: Volume
   Pscale: GPa
   Vscale: cm^3/mol
   Stoichiometry:            1.000
 
  Compressibility
-------------------
 
    Model: Birch-Murnaghan
    Order:  3
   Pressure of reference:    0.000
 
      V0:  15.4000           :Reference pressure volume: units are cm^3/mol
      K0:  115.500           :Bulk modulus: units are GPa
      Kp:  4.99000           :dK/dP: dimensionless
     Kpp: -0.0507            :d2K/dP2: units are inverse GPa [IMPLIED VALUE]
 
 
  Thermal Expansion
-------------------
 
   Model: Mie-Gruneisen-Debye
 
   Temperature of reference:   300.00 K
 
   ThMGD:  417.000           :Debye temperature in K
   Natom:  2.00000           :Number of atoms per formula unit [FIXED VALUE]
   Gamm0:  2.42000           :Gruneisen parameter at Tref,Pref
       q:  1.00000           :Gruneisen power law in V/V0
 
  Scale factors for data groups
---------------------------------
   Sca 1:  1.00000           :Scale factor for data group 1 [FIXED VALUE]
 

INPUT EOS>x

*************************************************Exiting from INPUT ***************************************************


EOSFIT-7.6>save /Users/clemens/Programming/peritheos/docs/data/fes-eosfit7c/combined-errors/initial.eos
 
 
  EOS Information
-------------------
 
    Title: 
Eos Saved: 
 
   System: 
    Class: Volume
   Pscale: GPa
   Vscale: cm^3/mol
   Stoichiometry:            1.000
 
  Compressibility
-------------------
 
    Model: Birch-Murnaghan
    Order:  3
   Pressure of reference:    0.000
 
      V0:  15.4000           :Reference pressure volume: units are cm^3/mol
      K0:  115.500           :Bulk modulus: units are GPa
      Kp:  4.99000           :dK/dP: dimensionless
     Kpp: -0.0507            :d2K/dP2: units are inverse GPa [IMPLIED VALUE]
 
 
  Thermal Expansion
-------------------
 
   Model: Mie-Gruneisen-Debye
 
   Temperature of reference:   300.00 K
 
   ThMGD:  417.000           :Debye temperature in K
   Natom:  2.00000           :Number of atoms per formula unit [FIXED VALUE]
   Gamm0:  2.42000           :Gruneisen parameter at Tref,Pref
       q:  1.00000           :Gruneisen power law in V/V0
 
  Scale factors for data groups
---------------------------------
   Sca 1:  1.00000           :Scale factor for data group 1 [FIXED VALUE]
 

      Do you want to save this EoS to file (Y/N) <Y>?y


Successfully opened file for eos
Named /Users/clemens/Programming/peritheos/docs/data/fes-eosfit7c/combined-errors/initial.eos


     Eos parameters written to file /Users/clemens/Programming/peritheos/docs/data/fes-eosfit7c/combined-errors/initial.eos


EOSFIT-7.6>list

           The title on the data file is:  FeS audit combined unchanged observations
           The calculated values are from:

  THE 159 LOADED DATA ARE AS FOLLOWS:
<-------------------------Observed Values---------------------------><----------------Calculated Values ----------------------->
  N USE         P      esdP      T(K)      esdT       V      esd(V)      Pcal    deltaP delta/esd    V  cal    deltaV   delV/esd
              GPA                                  CM^3/MOL               GPa                       cm^3/mol
  1  1    29.5964   1.29360   1450.00   150.000   13.6915   0.00301   26.9484   2.64805   2.04704   13.5161   0.17540   58.3130
  2  1    29.6173   1.38320   1530.00   150.000   13.7501   0.00330   26.7280   2.88924   2.08881   13.5549   0.19514   59.1438
  3  1    29.6810   1.47280   1610.00   150.000   13.7997   0.00363   26.6518   3.02926   2.05680   13.5916   0.20817   57.3966
  4  1    29.9049   1.58480   1710.00   150.000   13.8950   0.00426   26.1267   3.77819   2.38401   13.6285   0.26654   62.6151
  5  1    33.1277   1.09200   1270.00   150.000   13.3755   0.00163   30.4606   2.66712   2.44242   13.2193   0.15616   96.0374
  6  1    33.2312   1.18160   1350.00   150.000   13.4022   0.00199   30.6413   2.58992   2.19187   13.2488   0.15339   76.9784
  7  1    33.4179   1.31600   1470.00   150.000   13.4598   0.00519   30.6432   2.77477   2.10849   13.2921   0.16772   32.3112
  8  1    33.4179   1.31600   1470.00   150.000   13.4598   0.00519   30.6432   2.77477   2.10849   13.2921   0.16772   32.3112
  9  1    41.6518   1.03600   1220.00   150.000   12.8114   0.00274   40.5612   1.09060   1.05271   12.7595   0.05184   18.8897
 10  1    41.7693   1.15920   1330.00   150.000   12.8353   0.00263   40.9183   0.85100   0.73413   12.7943   0.04095   15.5919
 11  1    41.6736   1.26000   1420.00   150.000   12.8651   0.00241   41.0053   0.66826   0.53037   12.8325   0.03261   13.5382
 12  1    41.9291   1.36080   1510.00   150.000   12.9205   0.00185   40.5904   1.33868   0.98374   12.8541   0.06637   35.8088
 13  1    41.8033   1.43920   1580.00   150.000   12.9557   0.00343   40.4387   1.36469   0.94823   12.8871   0.06861   19.9982
 14  1    41.9176   1.50640   1640.00   150.000   12.9755   0.00226   40.5181   1.39944   0.92900   12.9046   0.07090   31.4041
 15  1    42.1986   1.62960   1750.00   150.000   13.0099   0.00374   40.7104   1.48812   0.91318   12.9336   0.07639   20.4479
 16  1    42.6556   1.78640   1890.00   150.000   13.0421   0.00396   41.1890   1.46661   0.82099   12.9658   0.07629   19.2735
 17  1    45.1681   1.06960   1250.00   150.000   12.6352   0.00424   44.5968   0.57125   0.53408   12.6098   0.02539   5.99199
 18  1    44.9994   1.17040   1340.00   150.000   12.6738   0.00406   44.4370   0.56242   0.48054   12.6484   0.02540   6.25607
 19  1    44.9909   1.24880   1410.00   150.000   12.6940   0.00419   44.5353   0.45555   0.36479   12.6733   0.02077   4.96106
 20  1    44.9010   1.38320   1530.00   150.000   12.7795   0.00235   43.6334   1.26755   0.91639   12.7201   0.05939   25.2533
 21  1    44.8590   1.52880   1660.00   150.000   12.8028   0.00322   44.1558   0.70318   0.45996   12.7693   0.03345   10.3968
 22  1    44.9072   1.64080   1760.00   150.000   12.8582   0.00294   43.7915   1.11570   0.67997   12.8041   0.05407   18.3775
 23  1    44.9390   1.74160   1850.00   150.000   12.9173   0.00362   43.3002   1.63879   0.94097   12.8364   0.08092   22.3663
 24  1    45.0022   1.84240   1940.00   150.000   12.9427   0.00392   43.5001   1.50209   0.81529   12.8676   0.07504   19.1240
 25  1    45.0678   1.90960   2000.00   150.000   12.9834   0.00433   43.1718   1.89597   0.99286   12.8875   0.09590   22.1385
 26  1    45.1985   2.02160   2100.00   150.000   13.0166   0.00520   43.3135   1.88502   0.93244   12.9199   0.09664   18.5922
 27  1    45.2392   2.12240   2190.00   150.000   13.1062   0.00466   42.3326   2.90659   1.36948   12.9534   0.15279   32.7579
 28  1    45.3343   2.23440   2290.00   150.000   13.1220   0.00493   42.8239   2.51041   1.12353   12.9886   0.13336   27.0614
 29  1    54.1843   1.03600   1220.00   150.000   12.2175   0.00381   54.5728   -0.3884   0.37494   12.2322   -0.0146   3.83398
 30  1    54.2740   1.08080   1260.00   150.000   12.2301   0.00219   54.5490   -0.2749   0.25439   12.2405   -0.0104   4.74244
 31  1    54.2970   1.17040   1340.00   150.000   12.2500   0.00200   54.6417   -0.3448   0.29456   12.2631   -0.0132   6.58822
 32  1    54.2284   1.27120   1430.00   150.000   12.2737   0.00174   54.7177   -0.4893   0.38488   12.2926   -0.0189   10.8242
 33  1    54.1407   1.32720   1480.00   150.000   12.3063   0.00205   54.2655   -0.1248   0.09403   12.3111   -0.0049   2.37444
 34  1    54.1687   1.43920   1580.00   150.000   12.3363   0.00247   54.2753   -0.1065   0.07401   12.3405   -0.0042   1.70618
 35  1    54.2215   1.55120   1680.00   150.000   12.3764   0.00333   54.0467   0.17474   0.11265   12.3694   0.00700   2.10496
 36  1    54.2202   1.62960   1750.00   150.000   12.4062   0.00459   53.8523   0.36790   0.22576   12.3913   0.01491   3.24668
 37  1    54.2211   1.69680   1810.00   150.000   12.4249   0.00480   53.8610   0.36001   0.21217   12.4102   0.01470   3.06321
 38  1    54.2430   1.77520   1880.00   150.000   12.4580   0.00387   53.6031   0.63989   0.36046   12.4316   0.02643   6.82414
 39  1    54.2302   1.84240   1940.00   150.000   12.4695   0.00403   53.7962   0.43399   0.23556   12.4514   0.01805   4.48157
 40  1    54.2358   1.93200   2020.00   150.000   12.4931   0.00415   53.8570   0.37883   0.19608   12.4772   0.01591   3.83192
 41  1    54.2892   2.04400   2120.00   150.000   12.5415   0.00433   53.5002   0.78908   0.38605   12.5078   0.03370   7.77503
 42  1    54.2243   2.13360   2200.00   150.000   12.5877   0.00492   53.0594   1.16484   0.54595   12.5372   0.05054   10.2687
 43  1    57.9981   1.12560   1300.00   150.000   12.0885   0.00309   58.7244   -0.7263   0.64525   12.1144   -0.0260   8.40331
 44  1    58.0563   1.24880   1410.00   150.000   12.1192   0.00340   58.7163   -0.6600   0.52849   12.1431   -0.0239   7.03786
 45  1    58.0852   1.30480   1460.00   150.000   12.1072   0.00322   59.4369   -1.3517   1.03594   12.1562   -0.0489   15.2112
 46  1    58.1264   1.37200   1520.00   150.000   12.1205   0.00278   59.5320   -1.4056   1.02446   12.1717   -0.0512   18.4155
 47  1    58.2363   1.49520   1630.00   150.000   12.1345   0.00286   59.9984   -1.7621   1.17850   12.1993   -0.0648   22.6217
 48  1    58.3077   1.57360   1700.00   150.000   12.1414   0.00286   60.3520   -2.0443   1.29915   12.2170   -0.0755   26.4601
 49  1    58.5404   1.65200   1770.00   150.000   12.1618   0.00263   60.3385   -1.7981   1.08845   12.2287   -0.0669   25.3978
 50  1    58.6663   1.74160   1850.00   150.000   12.2158   0.00254   59.5070   -0.8408   0.48275   12.2475   -0.0318   12.5033
<-------------------------Observed Values---------------------------><----------------Calculated Values ----------------------->
  N USE         P      esdP      T(K)      esdT       V      esd(V)      Pcal    deltaP delta/esd    V  cal    deltaV   delV/esd
              GPA                                  CM^3/MOL               GPa                       cm^3/mol
 51  1    58.8002   1.83120   1930.00   150.000   12.2296   0.00340   59.7630   -0.9628   0.52579   12.2662   -0.0366   10.7744
 52  1    58.8179   1.92080   2010.00   150.000   12.2413   0.00282   60.0772   -1.2593   0.65560   12.2896   -0.0483   17.0973
 53  1    58.9342   1.98800   2070.00   150.000   12.2520   0.00379   60.2625   -1.3283   0.66814   12.3032   -0.0512   13.5015
 54  1    59.1212   2.11120   2180.00   150.000   12.2584   0.00401   60.9525   -1.8313   0.86742   12.3295   -0.0710   17.7089
 55  1    59.2891   2.18960   2250.00   150.000   12.2828   0.00503   60.8638   -1.5747   0.71919   12.3444   -0.0616   12.2357
 56  1    59.3838   2.27920   2330.00   150.000   12.2963   0.00797   61.1415   -1.7577   0.77118   12.3655   -0.0693   8.68658
 57  1    63.7709   1.12560   1300.00   150.000   11.9339   0.00325   63.2175   0.55344   0.49169   11.9156   0.01835   5.64239
 58  1    63.6024   1.17040   1340.00   150.000   11.9447   0.00340   63.2019   0.40046   0.34216   11.9314   0.01336   3.92659
 59  1    63.4838   1.26000   1420.00   150.000   11.9513   0.00291   63.6236   -0.1398   0.11099   11.9560   -0.0047   1.61595
 60  1    63.4353   1.32720   1480.00   150.000   11.9543   0.00321   63.9987   -0.5634   0.42449   11.9733   -0.0190   5.91425
 61  1    63.4263   1.40560   1550.00   150.000   11.9587   0.00173   64.4103   -0.9840   0.70008   11.9921   -0.0334   19.3183
 62  1    63.4708   1.49520   1630.00   150.000   11.9641   0.00191   64.8731   -1.4023   0.93789   12.0119   -0.0478   24.9883
 63  1    63.4788   1.55120   1680.00   150.000   11.9715   0.00200   65.0411   -1.5623   1.00718   12.0250   -0.0535   26.7337
 64  1    63.4561   1.64080   1760.00   150.000   11.9934   0.00234   65.0183   -1.5621   0.95207   12.0474   -0.0540   23.0923
 65  1    63.4578   1.71920   1830.00   150.000   12.0151   0.00190   64.9303   -1.4725   0.85650   12.0665   -0.0513   27.0462
 66  1    63.4820   1.79760   1900.00   150.000   12.0372   0.00200   64.8376   -1.3556   0.75412   12.0849   -0.0477   23.8887
 67  1    63.4522   1.88720   1980.00   150.000   12.0589   0.00209   64.8400   -1.3878   0.73538   12.1082   -0.0493   23.5708
 68  1    63.5647   1.97680   2060.00   150.000   12.0863   0.00276   64.6886   -1.1239   0.56856   12.1266   -0.0403   14.6126
 69  1    63.7663   2.11120   2180.00   150.000   12.1088   0.00246   64.9927   -1.2264   0.58092   12.1533   -0.0444   18.0436
 70  1    63.8600   2.22320   2280.00   150.000   12.1322   0.00476   65.1253   -1.2654   0.56917   12.1785   -0.0463   9.73741
 71  1    63.9175   2.32400   2370.00   150.000   12.1588   0.00333   65.0963   -1.1789   0.50725   12.2024   -0.0436   13.0799
 72  1    64.2285   2.38000   2420.00   150.000   12.1796   0.00397   64.9234   -0.6949   0.29198   12.2054   -0.0258   6.50702
 73  1    64.2644   2.48080   2510.00   150.000   12.2196   0.00305   64.5541   -0.2897   0.11679   12.2305   -0.0109   3.57871
 74  1    64.1073   2.51440   2540.00   150.000   12.2416   0.00389   64.2038   -0.0965   0.03837   12.2453   -0.0037   0.94201
 75  1    83.7593   1.26000   1420.00   150.000   11.3323   0.00310   84.7698   -1.0104   0.80194   11.3584   -0.0261   8.41881
 76  1    83.8346   1.33840   1490.00   150.000   11.3411   0.00342   84.9687   -1.1341   0.84733   11.3705   -0.0294   8.59708
 77  1    83.9210   1.41680   1560.00   150.000   11.3796   0.00341   84.0277   -0.1067   0.07528   11.3824   -0.0028   0.82080
 78  1    84.2479   1.55120   1680.00   150.000   11.3835   0.00317   84.8111   -0.5632   0.36307   11.3983   -0.0148   4.68232
 79  1    84.3992   1.61840   1740.00   150.000   11.3960   0.00245   84.7988   -0.3995   0.24686   11.4066   -0.0106   4.30942
 80  1    84.4442   1.69680   1810.00   150.000   11.4172   0.00298   84.5454   -0.1012   0.05967   11.4199   -0.0027   0.90452
 81  1    84.4649   1.77520   1880.00   150.000   11.4407   0.00254   84.2086   0.25635   0.14440   11.4339   0.00689   2.70959
 82  1    84.4635   1.86480   1960.00   150.000   11.4700   0.00311   83.7524   0.71104   0.38130   11.4507   0.01931   6.20530
 83  1    84.4695   1.97680   2060.00   150.000   11.4938   0.00347   83.6618   0.80769   0.40858   11.4716   0.02215   6.37525
 84  1    84.3718   2.10000   2170.00   150.000   11.5203   0.00710   83.5600   0.81179   0.38657   11.4978   0.02252   3.17348
 85  1    84.3526   2.17840   2240.00   150.000   11.5095   0.00636   84.4943   -0.1417   0.06504   11.5135   -0.0039   0.61891
 86  1    84.3375   2.27920   2330.00   150.000   11.5130   0.00536   85.0716   -0.7342   0.32211   11.5335   -0.0205   3.82079
 87  1    84.6732   2.40240   2440.00   150.000   11.5496   0.00623   84.6212   0.05206   0.02167   11.5481   0.00147   0.23558
 88  1    84.6227   2.48080   2510.00   150.000   11.5596   0.00717   84.8161   -0.1934   0.07794   11.5650   -0.0055   0.76534
 89  1    92.4086   1.47280   1610.00   150.000   11.2253   0.00678   90.5059   1.90271   1.29190   11.1792   0.04611   6.79692
 90  1    92.4186   1.69680   1810.00   150.000   11.2230   0.00358   92.1533   0.26530   0.15635   11.2165   0.00648   1.81174
 91  1    92.8268   1.80880   1910.00   150.000   11.2114   0.00237   93.4035   -0.5767   0.31884   11.2255   -0.0141   5.94316
 92  1    92.8125   1.57360   1700.00   150.000   11.1689   0.00178   93.5366   -0.7241   0.46012   11.1863   -0.0174   9.74360
 93  1    92.7971   1.46160   1600.00   150.000   11.1518   0.00176   93.4824   -0.6853   0.46889   11.1681   -0.0163   9.27677
 94  1    93.0799   1.75280   1860.00   150.000   11.1819   0.00201   94.2348   -1.1549   0.65889   11.2098   -0.0279   13.8813
 95  1    93.2651   1.84240   1940.00   150.000   11.1915   0.00212   94.4577   -1.1926   0.64729   11.2205   -0.0290   13.6571
 96  1    93.4954   1.95440   2040.00   150.000   11.2112   0.00321   94.4217   -0.9263   0.47396   11.2339   -0.0227   7.06726
 97  1    93.6135   2.04400   2120.00   150.000   11.2305   0.00254   94.2570   -0.6435   0.31481   11.2463   -0.0159   6.23621
 98  1    93.7267   2.16720   2230.00   150.000   11.2545   0.00216   94.1383   -0.4115   0.18988   11.2648   -0.0102   4.73759
 99  1    94.0063   2.34640   2390.00   150.000   11.2763   0.00251   94.5143   -0.5080   0.21652   11.2890   -0.0128   5.08144
100  1    94.0082   2.44720   2480.00   150.000   11.3218   0.00372   93.4154   0.59279   0.24223   11.3067   0.01510   4.06024
<-------------------------Observed Values---------------------------><----------------Calculated Values ----------------------->
  N USE         P      esdP      T(K)      esdT       V      esd(V)      Pcal    deltaP delta/esd    V  cal    deltaV   delV/esd
              GPA                                  CM^3/MOL               GPa                       cm^3/mol
101  1    94.2592   2.52560   2550.00   150.000   11.3218   0.00436   93.9639   0.29530   0.11692   11.3142   0.00754   1.72996
102  1    108.263   1.60720   1730.00   150.000   10.7924   0.00317   110.940   -2.6772   1.66575   10.8471   -0.0547   17.2623
103  1    108.554   1.68560   1800.00   150.000   10.7941   0.00283   111.402   -2.8475   1.68933   10.8523   -0.0582   20.5580
104  1    109.100   1.87600   1970.00   150.000   10.8122   0.00211   111.824   -2.7245   1.45231   10.8684   -0.0562   26.6513
105  1    109.347   1.61840   1740.00   150.000   10.7958   0.00192   110.851   -1.5040   0.92934   10.8264   -0.0306   15.9426
106  1    109.266   1.49520   1630.00   150.000   10.7874   0.00176   110.415   -1.1495   0.76882   10.8107   -0.0233   13.2380
107  1    109.210   1.39440   1540.00   150.000   10.7763   0.00180   110.273   -1.0623   0.76181   10.7977   -0.0214   11.8748
108  1    109.146   1.28240   1440.00   150.000   10.7660   0.00176   110.017   -0.8707   0.67899   10.7834   -0.0174   9.88308
109  1    109.052   1.17040   1340.00   150.000   10.7582   0.00195   109.642   -0.5907   0.50468   10.7699   -0.0118   6.03910
110  1    109.097   1.17040   1340.00   150.000   10.7565   0.00201   109.729   -0.6314   0.53951   10.7690   -0.0126   6.23532
111  1    109.504   1.57360   1700.00   150.000   10.7856   0.00200   111.049   -1.5444   0.98145   10.8168   -0.0313   15.6663
112  1    109.609   1.68560   1800.00   150.000   10.7949   0.00190   111.358   -1.7490   1.03760   10.8305   -0.0356   18.7470
113  1    109.780   1.74160   1850.00   150.000   10.7970   0.00186   111.644   -1.8638   1.07017   10.8350   -0.0380   20.4336
114  1    109.961   1.89840   1990.00   150.000   10.8106   0.00205   112.060   -2.0996   1.10598   10.8537   -0.0431   21.0039
115  1    110.057   1.98800   2070.00   150.000   10.8249   0.00238   111.981   -1.9242   0.96793   10.8646   -0.0397   16.6806
116  1    110.219   2.08880   2160.00   150.000   10.8502   0.00258   111.452   -1.2327   0.59014   10.8758   -0.0257   9.96083
117  1    110.303   2.18960   2250.00   150.000   10.8687   0.00300   111.262   -0.9589   0.43791   10.8888   -0.0201   6.69430
118  1    110.562   2.26800   2320.00   150.000   10.8740   0.00369   111.554   -0.9918   0.43731   10.8948   -0.0209   5.65671
119  1    110.756   2.36880   2410.00   150.000   10.8899   0.00549   111.496   -0.7400   0.31239   10.9056   -0.0157   2.85313
120  1    110.707   2.49200   2520.00   150.000   10.9344   0.00455   110.264   0.44227   0.17748   10.9249   0.00949   2.08429
121  1    110.928   2.57040   2590.00   150.000   10.9509   0.00494   110.044   0.88441   0.34408   10.9319   0.01909   3.86367
122  1    115.855   1.70800   1820.00   150.000   10.6053   0.00627   121.321   -5.4659   3.20018   10.7090   -0.1036   16.5396
123  1    116.306   1.71920   1830.00   150.000   10.5870   0.00644   122.393   -6.0871   3.54068   10.7017   -0.1147   17.8243
124  1    116.740   1.90960   2000.00   150.000   10.6021   0.00547   122.889   -6.1486   3.21986   10.7189   -0.1168   21.3383
125  1    117.407   1.97680   2060.00   150.000   10.6257   0.00423   122.090   -4.6827   2.36881   10.7150   -0.0893   21.1007
126  1    117.832   2.13360   2200.00   150.000   10.6405   0.00487   122.385   -4.5524   2.13368   10.7279   -0.0874   17.9558
127  1    118.498   2.30160   2350.00   150.000   10.6947   0.00651   120.709   -2.2108   0.96056   10.7378   -0.0431   6.61864
128  1    118.847   2.39120   2430.00   150.000   10.6960   0.00459   121.264   -2.4172   1.01089   10.7432   -0.0472   10.2692
129  1    118.550   1.90960   2000.00   150.000   10.6173   0.00962   122.075   -3.5244   1.84562   10.6839   -0.0666   6.92393
130  1    118.524   1.79760   1900.00   150.000   10.6006   0.00661   122.196   -3.6716   2.04248   10.6695   -0.0689   10.4195
131  1    118.494   1.68560   1800.00   150.000   10.5952   0.00854   121.712   -3.2178   1.90902   10.6554   -0.0601   7.03734
132  1    118.350   1.57360   1700.00   150.000   10.5937   0.00797   121.022   -2.6717   1.69785   10.6435   -0.0498   6.24720
133  1    118.373   1.46160   1600.00   150.000   10.5816   0.00963   120.910   -2.5376   1.73621   10.6285   -0.0470   4.87992
134  1    118.240   1.23760   1400.00   150.000   10.5806   0.00776   119.425   -1.1845   0.95711   10.6023   -0.0218   2.80732
135  1    128.752   1.15920   1330.00   150.000   10.4041   0.00358   128.936   -0.1836   0.15839   10.4072   -0.0031   0.86465
136  1    129.081   1.33840   1490.00   150.000   10.4082   0.00403   129.916   -0.8348   0.62370   10.4224   -0.0142   3.50851
137  1    129.340   1.52880   1660.00   150.000   10.4126   0.00374   130.970   -1.6298   1.06604   10.4404   -0.0278   7.42063
138  1    129.907   1.67440   1790.00   150.000   10.4085   0.00548   132.214   -2.3070   1.37781   10.4479   -0.0394   7.18019
139  1    130.211   1.82000   1920.00   150.000   10.4056   0.00417   133.392   -3.1811   1.74787   10.4600   -0.0544   13.0294
140  1    130.971   2.02160   2100.00   150.000   10.4077   0.00481   134.666   -3.6952   1.82788   10.4711   -0.0634   13.1882
141  1    131.695   2.17840   2240.00   150.000   10.4277   0.00481   134.577   -2.8812   1.32262   10.4774   -0.0497   10.3310
142  1    132.596   2.40240   2440.00   150.000   10.4588   0.00461   134.322   -1.7263   0.71856   10.4889   -0.0301   6.52878
143  1    148.509   1.20400   1370.00   150.000   10.0719   0.00428   150.553   -2.0443   1.69796   10.1016   -0.0297   6.93481
144  1    148.906   1.42800   1570.00   150.000   10.0723   0.00384   152.063   -3.1570   2.21079   10.1183   -0.0461   11.9872
145  1    149.347   1.60720   1730.00   150.000   10.0751   0.00383   153.098   -3.7511   2.33394   10.1300   -0.0549   14.3489
146  1    149.948   1.79760   1900.00   150.000   10.0741   0.00659   154.482   -4.5337   2.52210   10.1406   -0.0665   10.0919
147  1    68.9000   0.40000   300.000   0.00000   11.5490   0.00452   68.4851   0.41492   1.03731   11.5373   0.01162   2.57369
148  1    84.8000   0.40000   300.000   0.00000   11.0747   0.00452   87.2503   -2.4503   6.12566   11.1313   -0.0566   12.5262
149  1    101.100   0.20000   300.000   0.00000   10.7345   0.00452   103.372   -2.2716   11.3578   10.7794   -0.0449   9.94002
150  1    70.3000   0.10000   300.000   0.00000   11.4752   0.00301   71.1542   -0.8542   8.54179   11.4985   -0.0234   7.75591
151  1    39.0000   0.10000   300.000   0.00000   12.4839   0.00452   41.0461   -2.0461   20.4606   12.5709   -0.0870   19.2599
152  1    44.3000   0.10000   300.000   0.00000   12.3062   0.00452   45.4617   -1.1617   11.6168   12.3517   -0.0455   10.0692
153  1    112.300   0.50000   300.000   0.00000   10.5297   0.00903   114.343   -2.0426   4.08528   10.5664   -0.0367   4.06218
154  1    130.600   0.50000   300.000   0.00000   10.2753   0.00903   129.503   1.09727   2.19455   10.2580   0.01729   1.91459
155  1    148.500   0.60000   300.000   0.00000   10.0103   0.00753   147.337   1.16304   1.93840   9.99413   0.01618   2.14877
156  1    170.500   0.60000   300.000   0.00000   9.74232   0.00753   167.824   2.67636   4.46060   9.70974   0.03257   4.32732
157  1    185.500   0.60000   300.000   0.00000   9.47283   0.00753   191.309   -5.8088   9.68129   9.53622   -0.0634   8.42178
158  1    198.200   0.60000   300.000   0.00000   9.37948   0.00753   200.202   -2.0022   3.33707   9.40012   -0.0206   2.74155
159  1    214.500   0.60000   300.000   0.00000   9.23043   0.00753   215.297   -0.7966   1.32769   9.23803   -0.0076   1.00845

EOSFIT-7.6>fit
     159 data for V will be used in least-squares
 
 
  EOS Information
-------------------
 
    Title: 
Eos Saved:  3-OCT-2026 at 10:35
 
   System: 
    Class: Volume
   Pscale: GPa
   Vscale: cm^3/mol
   Stoichiometry:            1.000
 
  Compressibility
-------------------
 
    Model: Birch-Murnaghan
    Order:  3
   Pressure of reference:    0.000
 
      V0:  15.4000           :Reference pressure volume: units are cm^3/mol
      K0:  115.500           :Bulk modulus: units are GPa
      Kp:  4.99000           :dK/dP: dimensionless
     Kpp: -0.0507            :d2K/dP2: units are inverse GPa [IMPLIED VALUE]
 
 
  Thermal Expansion
-------------------
 
   Model: Mie-Gruneisen-Debye
 
   Temperature of reference:   300.00 K
 
   ThMGD:  417.000           :Debye temperature in K
   Natom:  2.00000           :Number of atoms per formula unit [FIXED VALUE]
   Gamm0:  2.42000           :Gruneisen parameter at Tref,Pref
       q:  1.00000           :Gruneisen power law in V/V0
 
  Scale factors for data groups
---------------------------------
   Sca 1:  1.00000           :Scale factor for data group 1 [FIXED VALUE]
 
    Do you want to change these EoS parameters or the EoS type? (Y/N) <N>?n

 SELECT PARAMETERS TO REFINE IN LEAST-SQUARES FIT:
           REFINE V0     (Y/N)?y
           REFINE K0     (Y/N)?y
           REFINE Kp     (Y/N)?y
     Parameters for thermal model
           REFINE ThMGD  (Y/N)?n
           REFINE Gamm0  (Y/N)?y
           REFINE q      (Y/N)?n

 SELECT WEIGHTING SCHEME:
     SIGMAS FOR P   PRESENT, USE IN WEIGHTS (Y/N)?y
     SIGMAS FOR T   PRESENT, USE IN WEIGHTS (Y/N)?y
     SIGMAS FOR V   PRESENT, USE IN WEIGHTS (Y/N)?y

     EQUATION FITTED WITH WEIGHTS DERIVED FROM sigma(P), sigma(T), sigma(V),

*****WARNING:     T  has some esds=0: This may make weights and LS results invalid





   RESULTS FROM CYCLE  1
 PARA REF          NEW            SHIFT            E.S.D.       SHIFT/ERROR
 V0      1        15.33067         -0.06933          0.12039          -0.58
 K0      1       115.11739         -0.38261          8.17959          -0.05
 Kp      1         5.06034          0.07034          0.16902           0.42
 Kpp     0        -0.05276  [IMPLIED VALUE]
     Parameters for thermal model
 ThMGD   0       417.00000  [NOT REFINED]
 Natom   0         2.00000  [FIXED VALUE]
 Gamm0   1         2.58727          0.16727          0.08355           2.00
 q       0         1.00000  [NOT REFINED]
     Dataset scale factors
 Sca 1   0         1.00000  [FIXED VALUE]
  REFERENCE TEMPERATURE = 300.00
 W-CHI^2 =   3.61 (AND ESD'S RESCALED BY W-CHI^2)


   RESULTS FROM CYCLE  2
 PARA REF          NEW            SHIFT            E.S.D.       SHIFT/ERROR
 V0      1        15.31610         -0.01457          0.07808          -0.19
 K0      1       116.05846          0.94107          5.40801           0.17
 Kp      1         5.04456         -0.01578          0.11568          -0.14
 Kpp     0        -0.05191  [IMPLIED VALUE]
     Parameters for thermal model
 ThMGD   0       417.00000  [NOT REFINED]
 Natom   0         2.00000  [FIXED VALUE]
 Gamm0   1         2.58434         -0.00293          0.05655          -0.05
 q       0         1.00000  [NOT REFINED]
     Dataset scale factors
 Sca 1   0         1.00000  [FIXED VALUE]
  REFERENCE TEMPERATURE = 300.00
 W-CHI^2 =   1.56 (AND ESD'S RESCALED BY W-CHI^2)


   RESULTS FROM CYCLE  3
 PARA REF          NEW            SHIFT            E.S.D.       SHIFT/ERROR
 V0      1        15.31641          0.00031          0.07707           0.00
 K0      1       116.04359         -0.01486          5.38953          -0.00
 Kp      1         5.04488          0.00032          0.11436           0.00
 Kpp     0        -0.05192  [IMPLIED VALUE]
     Parameters for thermal model
 ThMGD   0       417.00000  [NOT REFINED]
 Natom   0         2.00000  [FIXED VALUE]
 Gamm0   1         2.58430         -0.00004          0.05638          -0.00
 q       0         1.00000  [NOT REFINED]
     Dataset scale factors
 Sca 1   0         1.00000  [FIXED VALUE]
  REFERENCE TEMPERATURE = 300.00
 W-CHI^2 =   1.56 (AND ESD'S RESCALED BY W-CHI^2)


   RESULTS FROM CYCLE  4
 PARA REF          NEW            SHIFT            E.S.D.       SHIFT/ERROR
 V0      1        15.31635         -0.00005          0.07709          -0.00
 K0      1       116.04768          0.00408          5.38969           0.00
 Kp      1         5.04478         -0.00009          0.11438          -0.00
 Kpp     0        -0.05192  [IMPLIED VALUE]
     Parameters for thermal model
 ThMGD   0       417.00000  [NOT REFINED]
 Natom   0         2.00000  [FIXED VALUE]
 Gamm0   1         2.58429         -0.00001          0.05638          -0.00
 q       0         1.00000  [NOT REFINED]
     Dataset scale factors
 Sca 1   0         1.00000  [FIXED VALUE]
  REFERENCE TEMPERATURE = 300.00
 W-CHI^2 =   1.56 (AND ESD'S RESCALED BY W-CHI^2)


***********************MESSAGE FROM LEAST SQUARES***********************
Least Squares converged, indicated by small shift/esd
************************************************************************



   RESULTS AFTER FINAL REFINEMENT CYCLE
 PARA REF          NEW            SHIFT            E.S.D.       SHIFT/ERROR
 V0      1        15.31635         -0.00005          0.07709          -0.00
 K0      1       116.04768          0.00408          5.38969           0.00
 Kp      1         5.04478         -0.00009          0.11438          -0.00
 Kpp     0        -0.05192  [IMPLIED VALUE]
     Parameters for thermal model
 ThMGD   0       417.00000  [NOT REFINED]
 Natom   0         2.00000  [FIXED VALUE]
 Gamm0   1         2.58429         -0.00001          0.05638          -0.00
 q       0         1.00000  [NOT REFINED]
     Dataset scale factors
 Sca 1   0         1.00000  [FIXED VALUE]
  REFERENCE TEMPERATURE = 300.00
 W-CHI^2 =   1.56 (AND ESD'S RESCALED BY W-CHI^2)

 INPUT <CR> TO CONTINUE

  THE 159 LOADED DATA ARE AS FOLLOWS:
<-------------------------Observed Values---------------------------><----------------Calculated Values -------------------------------->
  N USE         P      esdP      T(K)      esdT       V      esd(V)      Pcal    deltaP delta/esd    V  cal    deltaV   delV/esd       Wt
              GPA                                  CM^3/MOL               GPa                       cm^3/mol
  1  1    29.5964   1.29360   1450.00   150.000   13.6915   0.00301   26.6409   2.95552   2.28472   13.4937   0.19781   65.7635   0.3078144
  2  1    29.6173   1.38320   1530.00   150.000   13.7501   0.00330   26.4795   3.13782   2.26852   13.5357   0.21434   64.9618   0.2864373
  3  1    29.6810   1.47280   1610.00   150.000   13.7997   0.00363   26.4601   3.22099   2.18698   13.5757   0.22405   61.7765   0.2667123
  4  1    29.9049   1.58480   1710.00   150.000   13.8950   0.00426   26.0134   3.89154   2.45554   13.6168   0.27823   65.3600   0.2442184
  5  1    33.1277   1.09200   1270.00   150.000   13.3755   0.00163   29.9787   3.14898   2.88368   13.1897   0.18576   114.242   0.3625997
  6  1    33.2312   1.18160   1350.00   150.000   13.4022   0.00199   30.2113   3.01993   2.55580   13.2219   0.18033   90.5001   0.3372328
  7  1    33.4179   1.31600   1470.00   150.000   13.4598   0.00519   30.2949   3.12300   2.37310   13.2692   0.19054   36.7063   0.3020339
  8  1    33.4179   1.31600   1470.00   150.000   13.4598   0.00519   30.2949   3.12300   2.37310   13.2692   0.19054   36.7063   0.3020339
  9  1    41.6518   1.03600   1220.00   150.000   12.8114   0.00274   39.9184   1.73345   1.67321   12.7286   0.08281   30.1762   0.3798827
 10  1    41.7693   1.15920   1330.00   150.000   12.8353   0.00263   40.3437   1.42566   1.22986   12.7663   0.06900   26.2721   0.3438286
 11  1    41.6736   1.26000   1420.00   150.000   12.8651   0.00241   40.4891   1.18451   0.94009   12.8069   0.05818   24.1532   0.3168793
 12  1    41.9291   1.36080   1510.00   150.000   12.9205   0.00185   40.1388   1.79034   1.31565   12.8311   0.08940   48.2335   0.2921860
 13  1    41.8033   1.43920   1580.00   150.000   12.9557   0.00343   40.0354   1.76791   1.22840   12.8661   0.08958   26.1090   0.2741713
 14  1    41.9176   1.50640   1640.00   150.000   12.9755   0.00226   40.1540   1.76355   1.17071   12.8855   0.09009   39.9025   0.2601165
 15  1    42.1986   1.62960   1750.00   150.000   13.0099   0.00374   40.4175   1.78107   1.09295   12.9177   0.09225   24.6953   0.2360431
 16  1    42.6556   1.78640   1890.00   150.000   13.0421   0.00396   40.9841   1.67159   0.93573   12.9543   0.08783   22.1906   0.2094133
 17  1    45.1681   1.06960   1250.00   150.000   12.6352   0.00424   43.9285   1.23961   1.15895   12.5798   0.05535   13.0608   0.3692466
 18  1    44.9994   1.17040   1340.00   150.000   12.6738   0.00406   43.8290   1.17035   0.99996   12.6206   0.05314   13.0866   0.3403489
 19  1    44.9909   1.24880   1410.00   150.000   12.6940   0.00419   43.9721   1.01880   0.81583   12.6473   0.04672   11.1578   0.3193428
 20  1    44.9010   1.38320   1530.00   150.000   12.7795   0.00235   43.1593   1.74168   1.25916   12.6973   0.08216   34.9309   0.2869892
 21  1    44.8590   1.52880   1660.00   150.000   12.8028   0.00322   43.7616   1.09739   0.71781   12.7502   0.05260   16.3501   0.2554789
 22  1    44.9072   1.64080   1760.00   150.000   12.8582   0.00294   43.4679   1.43932   0.87721   12.7878   0.07034   23.9082   0.2341408
 23  1    44.9390   1.74160   1850.00   150.000   12.9173   0.00362   43.0424   1.89661   1.08901   12.8228   0.09452   26.1234   0.2166628
 24  1    45.0022   1.84240   1940.00   150.000   12.9427   0.00392   43.3000   1.70218   0.92389   12.8568   0.08588   21.8863   0.2008404
 25  1    45.0678   1.90960   2000.00   150.000   12.9834   0.00433   43.0160   2.05182   1.07448   12.8785   0.10487   24.2088   0.1910838
 26  1    45.1985   2.02160   2100.00   150.000   13.0166   0.00520   43.2229   1.97557   0.97723   12.9142   0.10242   19.7038   0.1761263
 27  1    45.2392   2.12240   2190.00   150.000   13.1062   0.00466   42.3153   2.92397   1.37767   12.9507   0.15558   33.3543   0.1640859
 28  1    45.3343   2.23440   2290.00   150.000   13.1220   0.00493   42.8677   2.46657   1.10391   12.9893   0.13273   26.9341   0.1518820
 29  1    54.1843   1.03600   1220.00   150.000   12.2175   0.00381   53.7856   0.39869   0.38483   12.2025   0.01506   3.94723   0.3800823
 30  1    54.2740   1.08080   1260.00   150.000   12.2301   0.00219   53.7874   0.48659   0.45021   12.2116   0.01846   8.42085   0.3673868
 31  1    54.2970   1.17040   1340.00   150.000   12.2500   0.00200   53.9303   0.36669   0.31330   12.2359   0.01404   7.03180   0.3415297
 32  1    54.2284   1.27120   1430.00   150.000   12.2737   0.00174   54.0630   0.16543   0.13014   12.2673   0.00641   3.67496   0.3146523
 33  1    54.1407   1.32720   1480.00   150.000   12.3063   0.00205   53.6472   0.49348   0.37182   12.2869   0.01934   9.43035   0.3005903
 34  1    54.1687   1.43920   1580.00   150.000   12.3363   0.00247   53.7213   0.44743   0.31089   12.3186   0.01777   7.19795   0.2746003
 35  1    54.2215   1.55120   1680.00   150.000   12.3764   0.00333   53.5596   0.66187   0.42668   12.3497   0.02668   8.02054   0.2510794
 36  1    54.2202   1.62960   1750.00   150.000   12.4062   0.00459   53.4125   0.80770   0.49565   12.3733   0.03294   7.17319   0.2358515
 37  1    54.2211   1.69680   1810.00   150.000   12.4249   0.00480   53.4601   0.76093   0.44845   12.3936   0.03129   6.51762   0.2239166
 38  1    54.2430   1.77520   1880.00   150.000   12.4580   0.00387   53.2504   0.99259   0.55914   12.4167   0.04130   10.6616   0.2111988
 39  1    54.2302   1.84240   1940.00   150.000   12.4695   0.00403   53.4807   0.74952   0.40682   12.4381   0.03140   7.79799   0.2008141
 40  1    54.2358   1.93200   2020.00   150.000   12.4931   0.00415   53.5931   0.64269   0.33265   12.4659   0.02722   6.55431   0.1879785
 41  1    54.2892   2.04400   2120.00   150.000   12.5415   0.00433   53.3055   0.98372   0.48127   12.4991   0.04239   9.77769   0.1733940
 42  1    54.2243   2.13360   2200.00   150.000   12.5877   0.00492   52.9221   1.30212   0.61029   12.5307   0.05703   11.5879   0.1627310
 43  1    57.9981   1.12560   1300.00   150.000   12.0885   0.00309   57.9508   0.04735   0.04207   12.0868   0.00170   0.54946   0.3539364
 44  1    58.0563   1.24880   1410.00   150.000   12.1192   0.00340   58.0123   0.04401   0.03525   12.1176   0.00160   0.47133   0.3199354
 45  1    58.0852   1.30480   1460.00   150.000   12.1072   0.00322   58.7583   -0.6731   0.51585   12.1317   -0.0245   7.60340   0.3058100
 46  1    58.1264   1.37200   1520.00   150.000   12.1205   0.00278   58.8907   -0.7642   0.55703   12.1485   -0.0280   10.0544   0.2898163
 47  1    58.2363   1.49520   1630.00   150.000   12.1345   0.00286   59.4229   -1.1867   0.79365   12.1784   -0.0438   15.3065   0.2626030
 48  1    58.3077   1.57360   1700.00   150.000   12.1414   0.00286   59.8182   -1.5105   0.95992   12.1976   -0.0561   19.6509   0.2468685
 49  1    58.5404   1.65200   1770.00   150.000   12.1618   0.00263   59.8497   -1.3093   0.79253   12.2108   -0.0490   18.5941   0.2323051
 50  1    58.6663   1.74160   1850.00   150.000   12.2158   0.00254   59.0772   -0.4110   0.23597   12.2314   -0.0156   6.14803   0.2168981
<-------------------------Observed Values---------------------------><----------------Calculated Values -------------------------------->
  N USE         P      esdP      T(K)      esdT       V      esd(V)      Pcal    deltaP delta/esd    V  cal    deltaV   delV/esd       Wt
              GPA                                  CM^3/MOL               GPa                       cm^3/mol
 51  1    58.8002   1.83120   1930.00   150.000   12.2296   0.00340   59.3823   -0.5821   0.31788   12.2519   -0.0223   6.55617   0.2026020
 52  1    58.8179   1.92080   2010.00   150.000   12.2413   0.00282   59.7452   -0.9273   0.48276   12.2771   -0.0358   12.6773   0.1897192
 53  1    58.9342   1.98800   2070.00   150.000   12.2520   0.00379   59.9675   -1.0333   0.51976   12.2921   -0.0401   10.5794   0.1805401
 54  1    59.1212   2.11120   2180.00   150.000   12.2584   0.00401   60.7221   -1.6009   0.75829   12.3210   -0.0626   15.6037   0.1653802
 55  1    59.2891   2.18960   2250.00   150.000   12.2828   0.00503   60.6797   -1.3906   0.63508   12.3377   -0.0548   10.8958   0.1564765
 56  1    59.3838   2.27920   2330.00   150.000   12.2963   0.00797   61.0065   -1.6228   0.71198   12.3608   -0.0645   8.09097   0.1466988
 57  1    63.7709   1.12560   1300.00   150.000   11.9339   0.00325   62.4061   1.36485   1.21255   11.8885   0.04537   13.9476   0.3539751
 58  1    63.6024   1.17040   1340.00   150.000   11.9447   0.00340   62.4157   1.18669   1.01392   11.9051   0.03968   11.6662   0.3411402
 59  1    63.4838   1.26000   1420.00   150.000   11.9513   0.00291   62.8841   0.59970   0.47595   11.9311   0.02019   6.94919   0.3173802
 60  1    63.4353   1.32720   1480.00   150.000   11.9543   0.00321   63.2938   0.14150   0.10661   11.9496   0.00479   1.48977   0.3003775
 61  1    63.4263   1.40560   1550.00   150.000   11.9587   0.00173   63.7462   -0.3198   0.22755   11.9696   -0.0109   6.30116   0.2824862
 62  1    63.4708   1.49520   1630.00   150.000   11.9641   0.00191   64.2557   -0.7849   0.52497   11.9909   -0.0269   14.0427   0.2629184
 63  1    63.4788   1.55120   1680.00   150.000   11.9715   0.00200   64.4540   -0.9752   0.62867   12.0050   -0.0335   16.7580   0.2515074
 64  1    63.4561   1.64080   1760.00   150.000   11.9934   0.00234   64.4821   -1.0260   0.62528   12.0290   -0.0356   15.2366   0.2344268
 65  1    63.4578   1.71920   1830.00   150.000   12.0151   0.00190   64.4395   -0.9816   0.57098   12.0495   -0.0344   18.1191   0.2207763
 66  1    63.4820   1.79760   1900.00   150.000   12.0372   0.00200   64.3920   -0.9101   0.50626   12.0694   -0.0322   16.1264   0.2080214
 67  1    63.4522   1.88720   1980.00   150.000   12.0589   0.00209   64.4456   -0.9934   0.52637   12.0944   -0.0355   16.9714   0.1945767
 68  1    63.5647   1.97680   2060.00   150.000   12.0863   0.00276   64.3468   -0.7821   0.39562   12.1145   -0.0282   10.2332   0.1821621
 69  1    63.7663   2.11120   2180.00   150.000   12.1088   0.00246   64.7252   -0.9589   0.45418   12.1438   -0.0350   14.2064   0.1655701
 70  1    63.8600   2.22320   2280.00   150.000   12.1322   0.00476   64.9208   -1.0609   0.47718   12.1713   -0.0391   8.22621   0.1529313
 71  1    63.9175   2.32400   2370.00   150.000   12.1588   0.00333   64.9501   -1.0326   0.44434   12.1974   -0.0385   11.5517   0.1430688
 72  1    64.2285   2.38000   2420.00   150.000   12.1796   0.00397   64.8111   -0.5826   0.24479   12.2014   -0.0218   5.50134   0.1378006
 73  1    64.2644   2.48080   2510.00   150.000   12.2196   0.00305   64.5034   -0.2390   0.09635   12.2286   -0.0091   2.97924   0.1291484
 74  1    64.1073   2.51440   2540.00   150.000   12.2416   0.00389   64.1758   -0.0685   0.02725   12.2443   -0.0026   0.67483   0.1263414
 75  1    83.7593   1.26000   1420.00   150.000   11.3323   0.00310   83.8822   -0.1229   0.09754   11.3355   -0.0032   1.02511   0.3175496
 76  1    83.8346   1.33840   1490.00   150.000   11.3411   0.00342   84.1225   -0.2878   0.21506   11.3486   -0.0075   2.18433   0.2976202
 77  1    83.9210   1.41680   1560.00   150.000   11.3796   0.00341   83.2298   0.69125   0.48790   11.3615   0.01815   5.32877   0.2793842
 78  1    84.2479   1.55120   1680.00   150.000   11.3835   0.00317   84.0818   0.16613   0.10710   11.3791   0.00439   1.38473   0.2511955
 79  1    84.3992   1.61840   1740.00   150.000   11.3960   0.00245   84.1063   0.29293   0.18100   11.3883   0.00777   3.16770   0.2386397
 80  1    84.4442   1.69680   1810.00   150.000   11.4172   0.00298   83.8977   0.54647   0.32206   11.4026   0.01460   4.89636   0.2243841
 81  1    84.4649   1.77520   1880.00   150.000   11.4407   0.00254   83.6062   0.85873   0.48374   11.4176   0.02315   9.10148   0.2115280
 82  1    84.4635   1.86480   1960.00   150.000   11.4700   0.00311   83.2025   1.26097   0.67620   11.4356   0.03435   11.0404   0.1976298
 83  1    84.4695   1.97680   2060.00   150.000   11.4938   0.00347   83.1744   1.29502   0.65511   11.4581   0.03564   10.2583   0.1819704
 84  1    84.3718   2.10000   2170.00   150.000   11.5203   0.00710   83.1419   1.22992   0.58568   11.4861   0.03426   4.82789   0.1653440
 85  1    84.3526   2.17840   2240.00   150.000   11.5095   0.00636   84.1135   0.23907   0.10975   11.5029   0.00667   1.04851   0.1569250
 86  1    84.3375   2.27920   2330.00   150.000   11.5130   0.00536   84.7432   -0.4057   0.17799   11.5243   -0.0114   2.12144   0.1468821
 87  1    84.6732   2.40240   2440.00   150.000   11.5496   0.00623   84.3645   0.30872   0.12850   11.5409   0.00876   1.40600   0.1351748
 88  1    84.6227   2.48080   2510.00   150.000   11.5596   0.00717   84.6018   0.02086   0.00841   11.5590   0.00060   0.08294   0.1282621
 89  1    92.4086   1.47280   1610.00   150.000   11.2253   0.00678   89.7006   2.70798   1.83866   11.1597   0.06570   9.68370   0.2631245
 90  1    92.4186   1.69680   1810.00   150.000   11.2230   0.00358   91.4605   0.95812   0.56466   11.1995   0.02344   6.55260   0.2240402
 91  1    92.8268   1.80880   1910.00   150.000   11.2114   0.00237   92.7647   0.06206   0.03431   11.2099   0.00152   0.64094   0.2063036
 92  1    92.8125   1.57360   1700.00   150.000   11.1689   0.00178   92.7694   0.04311   0.02740   11.1679   0.00104   0.58200   0.2474981
 93  1    92.7971   1.46160   1600.00   150.000   11.1518   0.00176   92.6549   0.14212   0.09724   11.1484   0.00338   1.92538   0.2705687
 94  1    93.0799   1.75280   1860.00   150.000   11.1819   0.00201   93.5612   -0.4813   0.27456   11.1936   -0.0117   5.79389   0.2153493
 95  1    93.2651   1.84240   1940.00   150.000   11.1915   0.00212   93.8314   -0.5663   0.30737   11.2053   -0.0138   6.49996   0.2012558
 96  1    93.4954   1.95440   2040.00   150.000   11.2112   0.00321   93.8568   -0.3614   0.18491   11.2201   -0.0089   2.76431   0.1849720
 97  1    93.6135   2.04400   2120.00   150.000   11.2305   0.00254   93.7421   -0.1286   0.06290   11.2337   -0.0032   1.24942   0.1736169
 98  1    93.7267   2.16720   2230.00   150.000   11.2545   0.00216   93.6916   0.03516   0.01622   11.2537   0.00088   0.40621   0.1592915
 99  1    94.0063   2.34640   2390.00   150.000   11.2763   0.00251   94.1640   -0.1577   0.06723   11.2802   -0.0040   1.58394   0.1410088
100  1    94.0082   2.44720   2480.00   150.000   11.3218   0.00372   93.1272   0.88099   0.36000   11.2993   0.02254   6.06023   0.1317979
<-------------------------Observed Values---------------------------><----------------Calculated Values -------------------------------->
  N USE         P      esdP      T(K)      esdT       V      esd(V)      Pcal    deltaP delta/esd    V  cal    deltaV   delV/esd       Wt
              GPA                                  CM^3/MOL               GPa                       cm^3/mol
101  1    94.2592   2.52560   2550.00   150.000   11.3218   0.00436   93.7157   0.54344   0.21517   11.3078   0.01393   3.19808   0.1252212
102  1    108.263   1.60720   1730.00   150.000   10.7924   0.00317   110.110   -1.8471   1.14929   10.8301   -0.0377   11.9134   0.2402218
103  1    108.554   1.68560   1800.00   150.000   10.7941   0.00283   110.611   -2.0571   1.22042   10.8361   -0.0421   14.8586   0.2263004
104  1    109.100   1.87600   1970.00   150.000   10.8122   0.00211   111.134   -2.0337   1.08405   10.8542   -0.0420   19.9131   0.1963109
105  1    109.347   1.61840   1740.00   150.000   10.7958   0.00192   110.027   -0.6802   0.42031   10.8096   -0.0138   7.21184   0.2390083
106  1    109.266   1.49520   1630.00   150.000   10.7874   0.00176   109.528   -0.2622   0.17538   10.7927   -0.0053   3.01888   0.2635864
107  1    109.210   1.39440   1540.00   150.000   10.7763   0.00180   109.333   -0.1225   0.08787   10.7788   -0.0025   1.36889   0.2858817
108  1    109.146   1.28240   1440.00   150.000   10.7660   0.00176   109.019   0.12679   0.09887   10.7635   0.00253   1.43784   0.3133581
109  1    109.052   1.17040   1340.00   150.000   10.7582   0.00195   108.588   0.46375   0.39623   10.7490   0.00922   4.73633   0.3436132
110  1    109.097   1.17040   1340.00   150.000   10.7565   0.00201   108.674   0.42329   0.36166   10.7481   0.00841   4.17629   0.3435351
111  1    109.504   1.57360   1700.00   150.000   10.7856   0.00200   110.200   -0.6960   0.44229   10.7997   -0.0141   7.06151   0.2475293
112  1    109.609   1.68560   1800.00   150.000   10.7949   0.00190   110.568   -0.9587   0.56876   10.8145   -0.0195   10.2813   0.2268526
113  1    109.780   1.74160   1850.00   150.000   10.7970   0.00186   110.882   -1.1021   0.63282   10.8195   -0.0225   12.0907   0.2173192
114  1    109.961   1.89840   1990.00   150.000   10.8106   0.00205   111.381   -1.4198   0.74790   10.8398   -0.0292   14.2174   0.1931049
115  1    110.057   1.98800   2070.00   150.000   10.8249   0.00238   111.349   -1.2926   0.65021   10.8516   -0.0267   11.2201   0.1807552
116  1    110.219   2.08880   2160.00   150.000   10.8502   0.00258   110.877   -0.6574   0.31472   10.8639   -0.0137   5.32066   0.1681374
117  1    110.303   2.18960   2250.00   150.000   10.8687   0.00300   110.741   -0.4386   0.20032   10.8779   -0.0092   3.06785   0.1565931
118  1    110.562   2.26800   2320.00   150.000   10.8740   0.00369   111.074   -0.5125   0.22598   10.8848   -0.0108   2.92948   0.1482137
119  1    110.756   2.36880   2410.00   150.000   10.8899   0.00549   111.071   -0.3153   0.13312   10.8966   -0.0067   1.21838   0.1378877
120  1    110.707   2.49200   2520.00   150.000   10.9344   0.00455   109.912   0.79475   0.31892   10.9173   0.01711   3.75591   0.1277075
121  1    110.928   2.57040   2590.00   150.000   10.9509   0.00494   109.735   1.19337   0.46428   10.9251   0.02583   5.22936   0.1214282
122  1    115.855   1.70800   1820.00   150.000   10.6053   0.00627   120.506   -4.6510   2.72307   10.6935   -0.0882   14.0733   0.2179933
123  1    116.306   1.71920   1830.00   150.000   10.5870   0.00644   121.580   -5.2747   3.06809   10.6864   -0.0994   15.4442   0.2157929
124  1    116.740   1.90960   2000.00   150.000   10.6021   0.00547   122.175   -5.4346   2.84596   10.7054   -0.1033   18.8692   0.1888199
125  1    117.407   1.97680   2060.00   150.000   10.6257   0.00423   121.414   -4.0069   2.02698   10.7022   -0.0765   18.0677   0.1810527
126  1    117.832   2.13360   2200.00   150.000   10.6405   0.00487   121.791   -3.9588   1.85547   10.7166   -0.0761   15.6310   0.1616354
127  1    118.498   2.30160   2350.00   150.000   10.6947   0.00651   120.211   -1.7127   0.74413   10.7281   -0.0334   5.13538   0.1432322
128  1    118.847   2.39120   2430.00   150.000   10.6960   0.00459   120.812   -1.9649   0.82174   10.7344   -0.0384   8.36221   0.1361101
129  1    118.550   1.90960   2000.00   150.000   10.6173   0.00962   121.363   -2.8131   1.47313   10.6705   -0.0532   5.52900   0.1826954
130  1    118.524   1.79760   1900.00   150.000   10.6006   0.00661   121.425   -2.9008   1.61373   10.6551   -0.0545   8.23346   0.2033490
131  1    118.494   1.68560   1800.00   150.000   10.5952   0.00854   120.884   -2.3898   1.41780   10.6399   -0.0447   5.22583   0.2169415
132  1    118.350   1.57360   1700.00   150.000   10.5937   0.00797   120.138   -1.7873   1.13581   10.6270   -0.0333   4.17761   0.2373816
133  1    118.373   1.46160   1600.00   150.000   10.5816   0.00963   119.968   -1.5953   1.09144   10.6111   -0.0295   3.06538   0.2528132
134  1    118.240   1.23760   1400.00   150.000   10.5806   0.00776   118.371   -0.1308   0.10572   10.5830   -0.0024   0.30978   0.3084493
135  1    128.752   1.15920   1330.00   150.000   10.4041   0.00358   127.815   0.93707   0.80837   10.3883   0.01579   4.40493   0.3435622
136  1    129.081   1.33840   1490.00   150.000   10.4082   0.00403   128.884   0.19713   0.14729   10.4049   0.00334   0.82702   0.2955272
137  1    129.340   1.52880   1660.00   150.000   10.4126   0.00374   130.033   -0.6928   0.45317   10.4244   -0.0118   3.15090   0.2543062
138  1    129.907   1.67440   1790.00   150.000   10.4085   0.00548   131.349   -1.4420   0.86121   10.4331   -0.0246   4.48477   0.2241755
139  1    130.211   1.82000   1920.00   150.000   10.4056   0.00417   132.600   -2.3889   1.31257   10.4465   -0.0408   9.77999   0.2027983
140  1    130.971   2.02160   2100.00   150.000   10.4077   0.00481   133.976   -3.0049   1.48641   10.4592   -0.0515   10.7242   0.1745021
141  1    131.695   2.17840   2240.00   150.000   10.4277   0.00481   133.969   -2.2732   1.04353   10.4670   -0.0392   8.15426   0.1564541
142  1    132.596   2.40240   2440.00   150.000   10.4588   0.00461   133.833   -1.2370   0.51492   10.4804   -0.0216   4.68233   0.1348896
143  1    148.509   1.20400   1370.00   150.000   10.0719   0.00428   149.413   -0.9046   0.75136   10.0850   -0.0131   3.06073   0.3272863
144  1    148.906   1.42800   1570.00   150.000   10.0723   0.00384   151.033   -2.1269   1.48944   10.1032   -0.0310   8.05905   0.2743632
145  1    149.347   1.60720   1730.00   150.000   10.0751   0.00383   152.157   -2.8098   1.74829   10.1162   -0.0411   10.7295   0.2382206
146  1    149.948   1.79760   1900.00   150.000   10.0741   0.00659   153.635   -3.6873   2.05123   10.1281   -0.0540   8.19683   0.2003522
147  1    68.9000   0.40000   300.000   0.00000   11.5490   0.00452   67.0753   1.82475   4.56186   11.4980   0.05097   11.2859   5.3904471
148  1    84.8000   0.40000   300.000   0.00000   11.0747   0.00452   85.7494   -0.9494   2.37356   11.0966   -0.0218   4.83551   5.0292063
149  1    101.100   0.20000   300.000   0.00000   10.7345   0.00452   101.816   -0.7156   3.57784   10.7485   -0.0141   3.11845   10.765303
150  1    70.3000   0.10000   300.000   0.00000   11.4752   0.00301   69.7294   0.57060   5.70602   11.4596   0.01555   5.16543   45.238281
151  1    39.0000   0.10000   300.000   0.00000   12.4839   0.00452   39.8377   -0.8377   8.37704   12.5195   -0.0356   7.87563   46.598106
152  1    44.3000   0.10000   300.000   0.00000   12.3062   0.00452   44.2142   0.08583   0.85831   12.3029   0.00336   0.74282   42.885929
153  1    112.300   0.50000   300.000   0.00000   10.5297   0.00903   112.759   -0.4594   0.91882   10.5379   -0.0082   0.90952   1.9802620
154  1    130.600   0.50000   300.000   0.00000   10.2753   0.00903   127.894   2.70615   5.41229   10.2328   0.04245   4.69985   1.7434654
155  1    148.500   0.60000   300.000   0.00000   10.0103   0.00753   145.714   2.78650   4.64417   9.97175   0.03856   5.12191   1.5399097
156  1    170.500   0.60000   300.000   0.00000   9.74232   0.00753   166.202   4.29794   7.16324   9.69029   0.05203   6.91165   1.3598677
157  1    185.500   0.60000   300.000   0.00000   9.47283   0.00753   189.711   -4.2106   7.01769   9.51852   -0.0457   6.06980   1.1762400
158  1    198.200   0.60000   300.000   0.00000   9.37948   0.00753   198.618   -0.4184   0.69738   9.38377   -0.0043   0.56921   1.1123003
159  1    214.500   0.60000   300.000   0.00000   9.23043   0.00753   213.743   0.75728   1.26213   9.22326   0.00717   0.95283   1.0136076

  FITTING STATISTICS FOR 4 PARAMETERS FITTED TO 159 DATA:
      CHI^2 (WEIGHTED)=   1.5619
      MAXIMUM DELTA-PRESSURE=-5.435


CORRELATION COEFFICIENTS (IN %)
  VARIABLE      V0        K0        Kp        Gamm0
    V0   :     100.0     -99.3      95.9      22.7
    K0   :     -99.3     100.0     -98.4     -25.2
    Kp   :      95.9     -98.4     100.0      25.8
    Gamm0:      22.7     -25.2      25.8     100.0


  VARIANCE-COVARIANCE MATRIX RESCALED
  VARIABLE     V0        K0        Kp        Gamm0
    V0   :   0.00594  -0.41268   0.00845   0.00099
    K0   :  -0.41268  29.04872  -0.60660  -0.07648
    Kp   :   0.00845  -0.60660   0.01308   0.00167
    Gamm0:   0.00099  -0.07648   0.00167   0.00318

*****WARNING:     T  has some esds=0: This may make weights and LS results invalid


 UPDATE EOS PARAMETERS (Y/N)?y
                                       FURTHER CALCULATIONS (Y/N)?n

EOSFIT-7.6>save /Users/clemens/Programming/peritheos/docs/data/fes-eosfit7c/combined-errors/fitted.eos
 
 
  EOS Information
-------------------
 
    Title: 
Eos Saved:  3-OCT-2026 at 10:35
 
   System: 
    Class: Volume
   Pscale: GPa
   Vscale: cm^3/mol
   Stoichiometry:            1.000
 
  Compressibility
-------------------
 
    Model: Birch-Murnaghan
    Order:  3
   Pressure of reference:    0.000
 
      V0:  15.32(8)          :Reference pressure volume: units are cm^3/mol
      K0:  116(5)            :Bulk modulus: units are GPa
      Kp:  5.04(11)          :dK/dP: dimensionless
     Kpp: -0.0519            :d2K/dP2: units are inverse GPa [IMPLIED VALUE]
 
 
  Thermal Expansion
-------------------
 
   Model: Mie-Gruneisen-Debye
 
   Temperature of reference:   300.00 K
 
   ThMGD:  417.000           :Debye temperature in K
   Natom:  2.00000           :Number of atoms per formula unit [FIXED VALUE]
   Gamm0:  2.58(6)           :Gruneisen parameter at Tref,Pref
       q:  1.00000           :Gruneisen power law in V/V0
 
  Scale factors for data groups
---------------------------------
   Sca 1:  1.00000           :Scale factor for data group 1 [FIXED VALUE]
 

      Do you want to save this EoS to file (Y/N) <Y>?y


Successfully opened file for eos
Named /Users/clemens/Programming/peritheos/docs/data/fes-eosfit7c/combined-errors/fitted.eos


     Eos parameters written to file /Users/clemens/Programming/peritheos/docs/data/fes-eosfit7c/combined-errors/fitted.eos


EOSFIT-7.6>
***** Macro completed

EOSFIT-7.6>