Format 1 P sigP T sigT V sigV				
39	0.39	300	5	12.483606	0.06241803
44.3	0.443	300	5	12.305957	0.061529785
112.3	1.123	300	5	10.529467	0.052647335
130.6	1.306	300	5	10.2750375	0.051375188
148.5	1.485	300	5	10.0100695	0.050050348
170.5	1.705	300	5	9.7420905	0.048710453
185.5	1.855	300	5	9.472606	0.04736303
198.2	1.982	300	5	9.379265	0.046896325
214.5	2.145	300	5	9.2302205	0.046151103
68.9	0.689	300	5	11.5486905	0.057743453
84.8	0.848	300	5	11.074458	0.05537229
101.2	1.012	300	5	10.734215	0.053671075
70.3	0.703	300	5	11.474921	0.057374605
43.2	0.432	300	5	12.393276	0.06196638
49.3	0.493	300	5	12.2050885	0.061025443
56.3	0.563	300	5	11.8317245	0.059158623
58.9	0.589	300	5	11.8377465	0.059188733
64.7	0.647	300	5	11.6751525	0.058375763
67.2	0.672	300	5	11.586328	0.05793164
110.6	1.106	300	5	10.544522	0.05272261
120.1	1.201	300	5	10.3653675	0.051826838
