Format 1 P sigP T sigT V sigV
62.269199260000001 0.0055999999999999999 300 5 11.82844615 0.0042257900000000001
63.925620049999999 0.0055999999999999999 300 5 11.777633010000001 0.0032699199999999999
64.111656670000002 0.0055999999999999999 300 5 11.76845913 0.0033684850000000001
66.776268270000003 0.0055999999999999999 300 5 11.709916160000001 0.003742647
117.62688799999999 0.0055999999999999999 300 5 10.520283989999999 0.0079293829999999999
118.2310956 0.0055999999999999999 300 5 10.51060996 0.0064466150000000002
122.9684092 0.0055999999999999999 300 5 10.42257027 0.0063630689999999998
123.16448 0.0055999999999999999 300 5 10.420098510000001 0.0077643149999999999
126.23607029999999 0.0055999999999999999 300 5 10.384200760000001 0.0067432550000000001
146.49528050000001 0.0055999999999999999 300 5 10.06219656 0.004787136
146.46826709999999 0.0055999999999999999 300 5 10.061111500000001 0.0050427359999999999
39 0.39000000000000001 300 5 12.483606 0.062418029999999999
44.299999999999997 0.443 300 5 12.305956999999999 0.061529784999999997
112.3 1.123 300 5 10.529467 0.052647335000000003
130.59999999999999 1.306 300 5 10.2750375 0.051375188000000002
148.5 1.4850000000000001 300 5 10.0100695 0.050050348000000001
170.5 1.7050000000000001 300 5 9.7420904999999998 0.048710453000000001
185.5 1.855 300 5 9.4726060000000007 0.04736303
198.19999999999999 1.982 300 5 9.3792650000000002 0.046896325000000003
214.5 2.145 300 5 9.2302204999999997 0.046151102999999999
68.900000000000006 0.68899999999999995 300 5 11.548690499999999 0.057743453
84.799999999999997 0.84799999999999998 300 5 11.074458 0.055372289999999998
101.2 1.012 300 5 10.734215000000001 0.053671074999999999
70.299999999999997 0.70299999999999996 300 5 11.474921 0.057374605000000002
43.200000000000003 0.432 300 5 12.393276 0.061966380000000001
49.299999999999997 0.49299999999999999 300 5 12.2050885 0.061025442999999999
56.299999999999997 0.56299999999999994 300 5 11.8317245 0.059158623
58.899999999999999 0.58899999999999997 300 5 11.8377465 0.059188733
64.700000000000003 0.64700000000000002 300 5 11.675152499999999 0.058375762999999997
67.200000000000003 0.67200000000000004 300 5 11.586328 0.05793164
110.59999999999999 1.1060000000000001 300 5 10.544522000000001 0.052722610000000003
120.09999999999999 1.2010000000000001 300 5 10.3653675 0.051826838
