Title Miozzi author-described staged reconstruction
Pscale GPa
Vscale cm^3/mol
Tscale K
Format 1 P SIGP V SIGV T SIGT
10.699999999999999 0.20000000000000001 6.4174943008939991 0.00030110703800000001 298 1
11.4 0.20000000000000001 6.3922013097019992 0.00060221407600000003 298 1
12 0.20000000000000001 6.3762426366879996 0.00030110703800000001 298 1
14.300000000000001 0.20000000000000001 6.31120351648 0.00030110703800000001 298 1
16 0.20000000000000001 6.2597142129820007 0.00030110703800000001 298 1
17.399999999999999 0.20000000000000001 6.2205702980419995 0.00030110703800000001 298 1
18.899999999999999 0.20000000000000001 6.1865452027479995 0.00060221407600000003 298 1
20.5 0.20000000000000001 6.1425835751999998 0.00030110703800000001 298 1
21.699999999999999 0.20000000000000001 6.1097629080580003 0.00030110703800000001 298 1
22.800000000000001 0.20000000000000001 6.0823621675999995 0.00030110703800000001 298 1
24.300000000000001 0.20000000000000001 6.045326001926 0.00060221407600000003 298 1
25.699999999999999 0.20000000000000001 6.0064831940239998 0.00030110703800000001 298 1
28.100000000000001 0.20000000000000001 5.9504772849560004 0.0024088563040000001 298 1
29.399999999999999 0.20000000000000001 5.9284964711820001 0.00060221407600000003 298 1
30.800000000000001 0.20000000000000001 5.8965791251539992 0.00060221407600000003 298 1
40.215016581107029 0 5.736992395014 0.00060221407600000003 300 1
46.981934396261408 0.17530000000000001 5.8020315152219997 0.001806642228 1759 47.100000000000001
40.40732932101222 0 5.7409067865079999 0.0012044281520000001 300 1
51.917288315633286 0 5.7737274536500003 0.0012044281520000001 2038 51.969999999999999
52.419199128114357 0 5.7978160166899997 0.00090332111399999998 2117 80.269999999999996
44.672379780433566 0 5.6852019844779997 0.00030110703800000001 300 1
51.611125407026925 0.19389999999999999 5.7493377835719999 0.001806642228 1818 45.399999999999999
50.736243470846972 0.1978 5.7598765299020007 0.0012044281520000001 1485 65.400000000000006
52.419567385504294 0.0298 5.717721544582 0.00060221407600000003 1519 56.799999999999997
54.143278170144242 0.080500000000000002 5.7138071530879992 0.00090332111399999998 1632 167.59999999999999
54.004634789952235 0.20949999999999999 5.721937043114 0.00090332111399999998 1752 134.40000000000001
54.749584231787104 0.20999999999999999 5.7008595504540001 0.00060221407600000003 1922 99.900000000000006
55.182748841436151 0.24590000000000001 5.7053761560240002 0.00090332111399999998 2205 94.900000000000006
46.59595335806695 0 5.6490691399179997 0.00090332111399999998 300 1
58.923240500174543 1.7925 5.736992395014 0.00060221407600000003 2503 117.3
55.513775327740603 0 5.7397023583560003 0.00090332111399999998 2338 141.40000000000001
56.567098751656239 0 5.6960418378460007 0.001806642228 2012 106.2
59.706583678861108 0.61529999999999996 5.7174204375439999 0.0012044281520000001 2575 137.40000000000001
63.442922104478043 0.2999 5.7183237586579994 0.00090332111399999998 3188 198.40000000000001
65.606939664004017 2.6162999999999998 5.7132049390119999 0.0012044281520000001 3399 220.59999999999999
59.907920681942393 0.2243 5.6818898070600001 0.00090332111399999998 2486 117.2
58.89626729658417 0.36830000000000002 5.6728565959199999 0.00060221407600000003 2375 116.09999999999999
54.446420567409291 0.23860000000000001 5.6873097337440006 0.00090332111399999998 1892 115.09999999999999
52.947821198277097 0.062300000000000001 5.6939340885799998 0.00090332111399999998 1578 102.09999999999999
52.89845890695473 0.072300000000000003 5.6833953422499999 0.0012044281520000001 1450 132.19999999999999
51.973799121247225 0.053999999999999999 5.6770720944519999 0.001806642228 1324 323
72.229997161344912 0 5.3166469699659995 0 300 1
78.833869944453014 0.051999999999999998 5.3756639494140002 0.0012044281520000001 1441 63.299999999999997
84.146877707798922 0.20699999999999999 5.341337747082 0.0021077492660000001 2104 58.200000000000003
85.484087106997123 0.35210000000000002 5.3452521385759999 0.0027099633419999996 2347 89
86.602729145548437 0.15740000000000001 5.3425421752339997 0.00150553519 2496 103.8
82.396738319571455 0.097100000000000006 5.3371222485500001 0.00150553519 1797 68.799999999999997
81.707874994913226 0.060199999999999997 5.3335089640940003 0.001806642228 1696 96.200000000000003
79.756000080084689 0.088400000000000006 5.3446499244999996 0.00150553519 1448 134.5
82.681914665976606 0.29980000000000001 5.34766099488 0.00150553519 1934 69.900000000000006
83.280093640021278 0.0974 5.3461554596899994 0.0021077492660000001 2013 70.299999999999997
83.59774462899739 0.10539999999999999 5.3491665300699998 0.001806642228 2084 66.400000000000006
83.871401935037198 0.15820000000000001 5.3530809215639996 0.001806642228 2153 65
85.404013781079868 0.28689999999999999 5.3588019552860002 0.00150553519 2409 76.799999999999997
85.464100119199003 0.25650000000000001 5.3612108115899995 0.0024088563040000001 2468 78.5
85.808633650764904 0.33350000000000002 5.3934292646559996 0.0027099633419999996 2596 95.599999999999994
85.527459228888915 0.32540000000000002 5.3726528790339998 0.0027099633419999996 2558 111.2
83.310731611953813 0 5.2046351518299998 0.00150553519 300 1
95.594843888074038 0.096500000000000002 5.2353480697060002 0.001806642228 2064 104.8
94.203787712339562 0.1449 5.2305303570979991 0.0012044281520000001 1857 11
93.491642504044634 0.053900000000000003 5.2184860755779994 0.00150553519 1766 87
92.204043752798825 0.0223 5.2175827544639999 0.0012044281520000001 1568 119.2
98.480241975061119 0.13650000000000001 5.2199916107679991 0.0012044281520000001 2345 66.299999999999997
100.71814360274848 0.27910000000000001 5.2236048952239997 0.00150553519 2657 81.599999999999994
97.545991788764269 0.1986 5.2260137515280007 0.0012044281520000001 2206 110.7
97.191176011366352 0.47720000000000001 5.2254115374519996 0.0012044281520000001 2371 69.5
98.270375830583177 0.17530000000000001 5.2275192867180005 0.0012044281520000001 2555 62.200000000000003
97.809147360042431 0.1618 5.2293259289460003 0.00090332111399999998 2426 56.299999999999997
101.330906719181 0.4042 5.2401657823139995 0.00150553519 2746 106.7
102.53460844068499 0.25690000000000002 5.2260137515280007 0.0012044281520000001 2889 141.59999999999999
103.66616104167019 0.28360000000000002 5.2275192867180005 0.00150553519 3028 130.19999999999999
104.05548380726856 0.35289999999999999 5.2175827544639999 0.0012044281520000001 3054 114.2
104.9405263331893 0.38769999999999999 5.2380580330480004 0.001806642228 3227 98.900000000000006
117.12074605874186 0.18290000000000001 5.0230676079159995 0.0012044281520000001 1640 68.799999999999997
116.61106489953232 0.16270000000000001 5.0155399319659999 0.0012044281520000001 1564 131.59999999999999
119.97353829515269 0.39269999999999999 5.0197554304979999 0.0012044281520000001 2044 69.799999999999997
118.67398012407419 0.3256 5.0104211123200004 0.00090332111399999998 1865 66.099999999999994
117.36733630835211 0.076399999999999996 5.0119266475100002 0.00090332111399999998 1702 76.299999999999997
109.25393361009448 0 4.9842248000140001 0.00060221407600000003 300 1
122.53246274202618 0.47160000000000002 5.0062056137880004 0.00090332111399999998 2272 94.099999999999994
124.21072949594621 0.58909999999999996 5.0059045067500003 0.00090332111399999998 2590 85.5
126.47120445384469 1.4755 5.0233687149539996 0.0012044281520000001 2976 112
123.12290752940511 0.58340000000000003 5.0215620727259997 0.0012044281520000001 2539 116.2
109.47723204705026 0 4.9893436196599996 0.00060221407600000003 300 1
122.96440386378208 0.1394 4.9926557970780001 0.00090332111399999998 1999 93.700000000000003
124.82073477644448 0.24779999999999999 5.000785687104 0.00090332111399999998 2240 83.799999999999997
112.3327637283118 0 4.973083839607999 0.00090332111399999998 300 1
112.3016107048429 0 4.9718794114560003 0.00060221407600000003 300 1
75.802365729173189 0 5.277503055026 0.0012044281520000001 300 1
77.070799201975518 0 5.275094198721999 0.00090332111399999998 300 1
82.600535694448695 0 5.3386277837399998 0.00090332111399999998 1495 0
93.514634656841125 0.071300000000000002 5.2488978864159996 0.00090332111399999998 1988 89.5
93.943881501013848 0.18090000000000001 5.2479945653019993 0.0012044281520000001 2034 69.799999999999997
91.17633909813766 0.10920000000000001 5.2383591400859997 0.00090332111399999998 1577 124
90.682251379825047 0.067599999999999993 5.2290248219080002 0.00090332111399999998 1424 104.7
92.500925683196144 0.12590000000000001 5.2368536048959999 0.0012044281520000001 1677 111.90000000000001
92.627883792435853 0.12640000000000001 5.245585708998 0.00090332111399999998 1848 95.099999999999994
94.236909546892448 0.25380000000000003 5.2525111708719994 0.00090332111399999998 2117 83.299999999999997
94.968337202483383 0.20250000000000001 5.2522100638340001 0.00090332111399999998 2247 101.40000000000001
94.512082667515955 0.1946 5.2585333116319992 0.00090332111399999998 2254 80.599999999999994
93.546067946844062 0.1615 5.2627488101640001 0.00090332111399999998 2315 73.200000000000003
93.481964368858797 0.29149999999999998 5.2660609875819997 0.0012044281520000001 2421 65.900000000000006
93.565808504770558 0.2306 5.2744919846459997 0.0012044281520000001 2522 72.299999999999997
97.468918557897226 0.2989 5.2690720579619992 0.0012044281520000001 2812 141.40000000000001
82.244381216490396 0 5.2311325711740002 0.00090332111399999998 300 1
84.109415474992133 0 5.1934941914240005 0.001806642228 300 1
86.759577589462907 0 5.1694056283839993 0.0012044281520000001 300 1
94.404823164644782 0.1191 5.1868698365879995 0.0012044281520000001 1570 112.40000000000001
95.639878486281489 0.084199999999999997 5.1889775858540004 0.00150553519 1774 73.599999999999994
94.549253834854312 0 5.2350469626680001 0.0012044281520000001 1942 81.200000000000003
93.408524989625136 0.2152 5.2458868160360002 0.0012044281520000001 2032 86.599999999999994
97.050076538632823 0.21240000000000001 5.2061406870199995 0.00150553519 1937 87.5
94.811988166762745 0.3347 5.2501023145680001 0.0012044281520000001 2187 104.5
84.560291513526948 0 5.1868698365879995 0.0012044281520000001 300 1
98.442157287666305 0 5.2034307236779993 0.0024088563040000001 2486 125
98.358791989708237 0 5.2239060022619999 0.00150553519 2262 107
97.962437888873424 0.2331 5.2190882896539996 0.001806642228 2238 137
89.578966825224512 0 5.1459192794200002 0.00060221407600000003 300 1
99.95348876552427 0 5.0724491621479997 0.00060221407600000003 300 1
101.85952984735934 0 5.06462037916 0.00060221407600000003 300 1
110.07899579285355 0.22800000000000001 5.0745569114140006 0.00060221407600000003 1735 69.400000000000006
111.62398113298431 0.15890000000000001 5.0847945507060004 0.00090332111399999998 1975 102.40000000000001
110.3724178215989 0.20610000000000001 5.083891229592 0.0012044281520000001 1860 85.200000000000003
116.55026997443916 0.33829999999999999 5.0272831064480004 0.00090332111399999998 1810 81
106.6442050243966 0 5.0107222193579997 0.00090332111399999998 300 1
120.39936104518873 1.0257000000000001 5.0432417794619999 0.00090332111399999998 2326 1
118.4933199661146 0.38600000000000001 5.0507694554120004 0.00060221407600000003 2273 64.799999999999997
119.24426908711771 0.60389999999999999 5.0555871680199997 0.0012044281520000001 2445 83.799999999999997
119.07322655900653 0.80369999999999997 5.0525760976400003 0.00090332111399999998 2430 92.799999999999997
107.12197009131481 0 5.0040978645219996 0.00060221407600000003 300 1
123.45310348193627 0.1027 5.0188521093839995 0.00090332111399999998 2386 97.799999999999997
