Title Miozzi author-described staged reconstruction
Pscale GPa
Vscale cm^3/mol
Tscale K
Format 1 P SIGP V SIGV T
10.699999999999999 0.20000000000000001 6.4174943008939991 0.00030110703800000001 298
11.4 0.20000000000000001 6.3922013097019992 0.00060221407600000003 298
12 0.20000000000000001 6.3762426366879996 0.00030110703800000001 298
14.300000000000001 0.20000000000000001 6.31120351648 0.00030110703800000001 298
16 0.20000000000000001 6.2597142129820007 0.00030110703800000001 298
17.399999999999999 0.20000000000000001 6.2205702980419995 0.00030110703800000001 298
18.899999999999999 0.20000000000000001 6.1865452027479995 0.00060221407600000003 298
20.5 0.20000000000000001 6.1425835751999998 0.00030110703800000001 298
21.699999999999999 0.20000000000000001 6.1097629080580003 0.00030110703800000001 298
22.800000000000001 0.20000000000000001 6.0823621675999995 0.00030110703800000001 298
24.300000000000001 0.20000000000000001 6.045326001926 0.00060221407600000003 298
25.699999999999999 0.20000000000000001 6.0064831940239998 0.00030110703800000001 298
28.100000000000001 0.20000000000000001 5.9504772849560004 0.0024088563040000001 298
29.399999999999999 0.20000000000000001 5.9284964711820001 0.00060221407600000003 298
30.800000000000001 0.20000000000000001 5.8965791251539992 0.00060221407600000003 298
41.263999532884498 0 5.736992395014 0.00060221407600000003 300
41.463733948818707 0 5.7409067865079999 0.0012044281520000001 300
45.895225028271021 0 5.6852019844779997 0.00030110703800000001 300
47.894834767327829 0 5.6490691399179997 0.00090332111399999998 300
74.558157293551091 0 5.3166469699659995 0 300
86.072698156627439 0 5.2046351518299998 0.00150553519 300
112.95771951530045 0 4.9842248000140001 0.00060221407600000003 300
113.1885699975365 0 4.9893436196599996 0.00060221407600000003 300
116.13975114523646 0 4.973083839607999 0.00090332111399999998 300
116.10756395679572 0 4.9718794114560003 0.00060221407600000003 300
78.271893868228915 0 5.277503055026 0.0012044281520000001 300
79.590206046371222 0 5.275094198721999 0.00090332111399999998 300
84.965252987022765 0 5.2311325711740002 0.00090332111399999998 300
86.902058240004607 0 5.1934941914240005 0.001806642228 300
89.653349639741961 0 5.1694056283839993 0.0012044281520000001 300
87.370211847262297 0 5.1868698365879995 0.0012044281520000001 300
92.579156412494441 0 5.1459192794200002 0.00060221407600000003 300
103.3337491714496 0 5.0724491621479997 0.00060221407600000003 300
105.3074863123102 0 5.06462037916 0.00060221407600000003 300
110.25896294586673 0 5.0107222193579997 0.00090332111399999998 300
110.75313120112813 0 5.0040978645219996 0.00060221407600000003 300
