Title FeS audit cold unchanged observations
Pscale GPa
Vscale A^3/cell
Tscale K
Format 1 P SIGP V SIGV T
68.900000000000006 0.40000000000000002 76.709999999999994 0.029999999999999999 300
84.799999999999997 0.40000000000000002 73.560000000000002 0.029999999999999999 300
101.09999999999999 0.20000000000000001 71.299999999999997 0.029999999999999999 300
70.299999999999997 0.10000000000000001 76.219999999999999 0.02 300
39 0.10000000000000001 82.920000000000002 0.029999999999999999 300
44.299999999999997 0.10000000000000001 81.739999999999995 0.029999999999999999 300
112.3 0.5 69.939999999999998 0.059999999999999998 300
130.59999999999999 0.5 68.25 0.059999999999999998 300
148.5 0.60000000000000009 66.489999999999995 0.050000000000000003 300
170.5 0.60000000000000009 64.709999999999994 0.050000000000000003 300
185.5 0.60000000000000009 62.920000000000002 0.050000000000000003 300
198.19999999999999 0.60000000000000009 62.299999999999997 0.050000000000000003 300
214.5 0.60000000000000009 61.310000000000002 0.050000000000000003 300
