Title Miozzi author-described staged reconstruction
Pscale GPa
Vscale cm^3/mol
Tscale K
Format 1 P SIGP V SIGV T SIGT
10.699999999999999 0.20000000000000001 12.834988601787998 0.00060221407600000003 298 1
11.4 0.20000000000000001 12.784402619403998 0.0012044281520000001 298 1
12 0.20000000000000001 12.752485273375999 0.00060221407600000003 298 1
14.300000000000001 0.20000000000000001 12.62240703296 0.00060221407600000003 298 1
16 0.20000000000000001 12.519428425964001 0.00060221407600000003 298 1
17.399999999999999 0.20000000000000001 12.441140596083999 0.00060221407600000003 298 1
18.899999999999999 0.20000000000000001 12.373090405495999 0.0012044281520000001 298 1
20.5 0.20000000000000001 12.2851671504 0.00060221407600000003 298 1
21.699999999999999 0.20000000000000001 12.219525816116001 0.00060221407600000003 298 1
22.800000000000001 0.20000000000000001 12.164724335199999 0.00060221407600000003 298 1
24.300000000000001 0.20000000000000001 12.090652003852 0.0012044281520000001 298 1
25.699999999999999 0.20000000000000001 12.012966388048 0.00060221407600000003 298 1
28.100000000000001 0.20000000000000001 11.900954569912001 0.0048177126080000002 298 1
29.399999999999999 0.20000000000000001 11.856992942364 0.0012044281520000001 298 1
30.800000000000001 0.20000000000000001 11.793158250307998 0.0012044281520000001 298 1
40.215016581107029 0 11.473984790028 0.0012044281520000001 300 1
46.981934396261408 0.17530000000000001 11.604063030443999 0.0036132844559999999 1759 47.100000000000001
40.40732932101222 0 11.481813573016 0.0024088563040000001 300 1
51.917288315633286 0 11.547454907300001 0.0024088563040000001 2038 51.969999999999999
52.419199128114357 0 11.595632033379999 0.001806642228 2117 80.269999999999996
44.672379780433566 0 11.370403968955999 0.00060221407600000003 300 1
51.611125407026925 0.19389999999999999 11.498675567144 0.0036132844559999999 1818 45.399999999999999
50.736243470846972 0.1978 11.519753059804001 0.0024088563040000001 1485 65.400000000000006
52.419567385504294 0.0298 11.435443089164 0.0012044281520000001 1519 56.799999999999997
54.143278170144242 0.080500000000000002 11.427614306175998 0.001806642228 1632 167.59999999999999
54.004634789952235 0.20949999999999999 11.443874086228 0.001806642228 1752 134.40000000000001
54.749584231787104 0.20999999999999999 11.401719100908 0.0012044281520000001 1922 99.900000000000006
55.182748841436151 0.24590000000000001 11.410752312048 0.001806642228 2205 94.900000000000006
46.59595335806695 0 11.298138279835999 0.001806642228 300 1
58.923240500174543 1.7925 11.473984790028 0.0012044281520000001 2503 117.3
55.513775327740603 0 11.479404716712001 0.001806642228 2338 141.40000000000001
56.567098751656239 0 11.392083675692001 0.0036132844559999999 2012 106.2
59.706583678861108 0.61529999999999996 11.434840875088 0.0024088563040000001 2575 137.40000000000001
63.442922104478043 0.2999 11.436647517315999 0.001806642228 3188 198.40000000000001
65.606939664004017 2.6162999999999998 11.426409878024 0.0024088563040000001 3399 220.59999999999999
59.907920681942393 0.2243 11.36377961412 0.001806642228 2486 117.2
58.89626729658417 0.36830000000000002 11.34571319184 0.0012044281520000001 2375 116.09999999999999
54.446420567409291 0.23860000000000001 11.374619467488001 0.001806642228 1892 115.09999999999999
52.947821198277097 0.062300000000000001 11.38786817716 0.001806642228 1578 102.09999999999999
52.89845890695473 0.072300000000000003 11.3667906845 0.0024088563040000001 1450 132.19999999999999
51.973799121247225 0.053999999999999999 11.354144188904 0.0036132844559999999 1324 323
72.229997161344912 0 10.633293939931999 0 300 1
78.833869944453014 0.051999999999999998 10.751327898828 0.0024088563040000001 1441 63.299999999999997
84.146877707798922 0.20699999999999999 10.682675494164 0.0042154985320000003 2104 58.200000000000003
85.484087106997123 0.35210000000000002 10.690504277152 0.0054199266839999993 2347 89
86.602729145548437 0.15740000000000001 10.685084350467999 0.00301107038 2496 103.8
82.396738319571455 0.097100000000000006 10.6742444971 0.00301107038 1797 68.799999999999997
81.707874994913226 0.060199999999999997 10.667017928188001 0.0036132844559999999 1696 96.200000000000003
79.756000080084689 0.088400000000000006 10.689299848999999 0.00301107038 1448 134.5
82.681914665976606 0.29980000000000001 10.69532198976 0.00301107038 1934 69.900000000000006
83.280093640021278 0.0974 10.692310919379999 0.0042154985320000003 2013 70.299999999999997
83.59774462899739 0.10539999999999999 10.69833306014 0.0036132844559999999 2084 66.400000000000006
83.871401935037198 0.15820000000000001 10.706161843127999 0.0036132844559999999 2153 65
85.404013781079868 0.28689999999999999 10.717603910572 0.00301107038 2409 76.799999999999997
85.464100119199003 0.25650000000000001 10.722421623179999 0.0048177126080000002 2468 78.5
85.808633650764904 0.33350000000000002 10.786858529311999 0.0054199266839999993 2596 95.599999999999994
85.527459228888915 0.32540000000000002 10.745305758068 0.0054199266839999993 2558 111.2
83.310731611953813 0 10.40927030366 0.00301107038 300 1
95.594843888074038 0.096500000000000002 10.470696139412 0.0036132844559999999 2064 104.8
94.203787712339562 0.1449 10.461060714195998 0.0024088563040000001 1857 11
93.491642504044634 0.053900000000000003 10.436972151155999 0.00301107038 1766 87
92.204043752798825 0.0223 10.435165508928 0.0024088563040000001 1568 119.2
98.480241975061119 0.13650000000000001 10.439983221535998 0.0024088563040000001 2345 66.299999999999997
100.71814360274848 0.27910000000000001 10.447209790447999 0.00301107038 2657 81.599999999999994
97.545991788764269 0.1986 10.452027503056001 0.0024088563040000001 2206 110.7
97.191176011366352 0.47720000000000001 10.450823074903999 0.0024088563040000001 2371 69.5
98.270375830583177 0.17530000000000001 10.455038573436001 0.0024088563040000001 2555 62.200000000000003
97.809147360042431 0.1618 10.458651857892001 0.001806642228 2426 56.299999999999997
101.330906719181 0.4042 10.480331564627999 0.00301107038 2746 106.7
102.53460844068499 0.25690000000000002 10.452027503056001 0.0024088563040000001 2889 141.59999999999999
103.66616104167019 0.28360000000000002 10.455038573436001 0.00301107038 3028 130.19999999999999
104.05548380726856 0.35289999999999999 10.435165508928 0.0024088563040000001 3054 114.2
104.9405263331893 0.38769999999999999 10.476116066096001 0.0036132844559999999 3227 98.900000000000006
117.12074605874186 0.18290000000000001 10.046135215831999 0.0024088563040000001 1640 68.799999999999997
116.61106489953232 0.16270000000000001 10.031079863932 0.0024088563040000001 1564 131.59999999999999
119.97353829515269 0.39269999999999999 10.039510860996 0.0024088563040000001 2044 69.799999999999997
118.67398012407419 0.3256 10.020842224640001 0.001806642228 1865 66.099999999999994
117.36733630835211 0.076399999999999996 10.02385329502 0.001806642228 1702 76.299999999999997
109.25393361009448 0 9.9684496000280003 0.0012044281520000001 300 1
122.53246274202618 0.47160000000000002 10.012411227576001 0.001806642228 2272 94.099999999999994
124.21072949594621 0.58909999999999996 10.011809013500001 0.001806642228 2590 85.5
126.47120445384469 1.4755 10.046737429907999 0.0024088563040000001 2976 112
123.12290752940511 0.58340000000000003 10.043124145451999 0.0024088563040000001 2539 116.2
109.47723204705026 0 9.9786872393199992 0.0012044281520000001 300 1
122.96440386378208 0.1394 9.9853115941560002 0.001806642228 1999 93.700000000000003
124.82073477644448 0.24779999999999999 10.001571374208 0.001806642228 2240 83.799999999999997
112.3327637283118 0 9.9461676792159981 0.001806642228 300 1
112.3016107048429 0 9.9437588229120006 0.0012044281520000001 300 1
75.802365729173189 0 10.555006110052 0.0024088563040000001 300 1
77.070799201975518 0 10.550188397443998 0.001806642228 300 1
82.600535694448695 0 10.67725556748 0.001806642228 1495 0
93.514634656841125 0.071300000000000002 10.497795772831999 0.001806642228 1988 89.5
93.943881501013848 0.18090000000000001 10.495989130603999 0.0024088563040000001 2034 69.799999999999997
91.17633909813766 0.10920000000000001 10.476718280171999 0.001806642228 1577 124
90.682251379825047 0.067599999999999993 10.458049643816 0.001806642228 1424 104.7
92.500925683196144 0.12590000000000001 10.473707209792 0.0024088563040000001 1677 111.90000000000001
92.627883792435853 0.12640000000000001 10.491171417996 0.001806642228 1848 95.099999999999994
94.236909546892448 0.25380000000000003 10.505022341743999 0.001806642228 2117 83.299999999999997
94.968337202483383 0.20250000000000001 10.504420127668 0.001806642228 2247 101.40000000000001
94.512082667515955 0.1946 10.517066623263998 0.001806642228 2254 80.599999999999994
93.546067946844062 0.1615 10.525497620328 0.001806642228 2315 73.200000000000003
93.481964368858797 0.29149999999999998 10.532121975163999 0.0024088563040000001 2421 65.900000000000006
93.565808504770558 0.2306 10.548983969291999 0.0024088563040000001 2522 72.299999999999997
97.468918557897226 0.2989 10.538144115923998 0.0024088563040000001 2812 141.40000000000001
82.244381216490396 0 10.462265142348 0.001806642228 300 1
84.109415474992133 0 10.386988382848001 0.0036132844559999999 300 1
86.759577589462907 0 10.338811256767999 0.0024088563040000001 300 1
94.404823164644782 0.1191 10.373739673175999 0.0024088563040000001 1570 112.40000000000001
95.639878486281489 0.084199999999999997 10.377955171708001 0.00301107038 1774 73.599999999999994
94.549253834854312 0 10.470093925336 0.0024088563040000001 1942 81.200000000000003
93.408524989625136 0.2152 10.491773632072 0.0024088563040000001 2032 86.599999999999994
97.050076538632823 0.21240000000000001 10.412281374039999 0.00301107038 1937 87.5
94.811988166762745 0.3347 10.500204629136 0.0024088563040000001 2187 104.5
84.560291513526948 0 10.373739673175999 0.0024088563040000001 300 1
98.442157287666305 0 10.406861447355999 0.0048177126080000002 2486 125
98.358791989708237 0 10.447812004524 0.00301107038 2262 107
97.962437888873424 0.2331 10.438176579307999 0.0036132844559999999 2238 137
89.578966825224512 0 10.29183855884 0.0012044281520000001 300 1
99.95348876552427 0 10.144898324295999 0.0012044281520000001 300 1
101.85952984735934 0 10.12924075832 0.0012044281520000001 300 1
110.07899579285355 0.22800000000000001 10.149113822828001 0.0012044281520000001 1735 69.400000000000006
111.62398113298431 0.15890000000000001 10.169589101412001 0.001806642228 1975 102.40000000000001
110.3724178215989 0.20610000000000001 10.167782459184 0.0024088563040000001 1860 85.200000000000003
116.55026997443916 0.33829999999999999 10.054566212896001 0.001806642228 1810 81
106.6442050243966 0 10.021444438715999 0.001806642228 300 1
120.39936104518873 1.0257000000000001 10.086483558924 0.001806642228 2326 1
118.4933199661146 0.38600000000000001 10.101538910824001 0.0012044281520000001 2273 64.799999999999997
119.24426908711771 0.60389999999999999 10.111174336039999 0.0024088563040000001 2445 83.799999999999997
119.07322655900653 0.80369999999999997 10.105152195280001 0.001806642228 2430 92.799999999999997
107.12197009131481 0 10.008195729043999 0.0012044281520000001 300 1
123.45310348193627 0.1027 10.037704218767999 0.001806642228 2386 97.799999999999997
