Title FeS audit morard unchanged observations
Pscale GPa
Vscale cm^3/mol
Tscale K
Format 1 P SIGP V SIGV T SIGT
29.59643816464321 1.2936000000000001 13.691539196409821 0.0030078998288844061 1450 150
29.617272011389609 1.3832 13.750083623682379 0.0032994969182922004 1530 150
29.68104188370868 1.472799999999999 13.79972359801145 0.0036268206226731038 1610 150
29.90492468622546 1.5848000000000011 13.895010520846389 0.0042568225874694988 1710 150
33.127725841899881 1.091999999999999 13.375461371049196 0.0016259964941828231 1270 150
33.231188256640763 1.1816 13.402225824454982 0.0019925861082747596 1350 150
33.417941860347362 1.3159999999999989 13.459780262497119 0.0051909180254047557 1470 150
33.417941860347362 1.3159999999999989 13.459780262497119 0.0051909180254047557 1470 150
41.651840678041317 1.0360000000000009 12.811363070446873 0.0027442954417801987 1220 150
41.76934184252972 1.159200000000002 12.835259740953123 0.0026262944074369812 1330 150
41.673613397558022 1.259999999999998 12.865105071167513 0.0024087415880675923 1420 150
41.929096766298038 1.3608000000000009 12.920469472278175 0.0018535091211768541 1510 150
41.803347301042137 1.4392 12.955710727551686 0.003431063983744037 1580 150
41.917586981485996 1.5063999999999991 12.975548256045862 0.0022578174385723972 1640 150
42.198570165841531 1.6295999999999959 13.009946881609787 0.0037357133091321265 1750 150
42.655637700996373 1.7864 13.042111285274579 0.0039580892272957626 1890 150
45.16809303167804 1.0695999999999981 12.63517415978202 0.004237745213014431 1250 150
44.999388276509642 1.170400000000001 12.673762117062614 0.0040603844125501973 1340 150
44.990883083959098 1.248799999999999 12.694030680250847 0.0041870027826204229 1410 150
44.900955887380839 1.3831999999999991 12.779495248509008 0.0023519663844760214 1530 150
44.858991697951303 1.5287999999999999 12.802793518639191 0.0032171622213461519 1660 150
44.907178953376217 1.640800000000002 12.858168469661036 0.0029420986706927311 1760 150
44.939034172020897 1.741599999999998 12.91732270700153 0.0036180811130018336 1850 150
45.002186947239863 1.8424000000000009 12.942657239508367 0.0039239660651466121 1940 150
45.067777493076832 1.9096000000000011 12.983395642489052 0.0043319317839107035 2000 150
45.198493732806398 2.021599999999999 13.01657564343879 0.0051980702743405086 2100 150
45.23923560261052 2.122400000000003 13.106228518485683 0.0046643680705668105 2190 150
45.334317194164498 2.2343999999999968 13.122000616409386 0.0049280139288389044 2290 150
54.184312219881008 1.0360000000000009 12.217548605785046 0.0038144727355347032 1220 150
54.274031064705383 1.0808 12.230065971364835 0.0021923240921702049 1260 150
54.296982208463611 1.170400000000001 12.24998936254757 0.0019973215390085819 1340 150
54.228444208381489 1.2712000000000001 12.27374615470565 0.0017444005940519414 1430 150
54.140693011808523 1.327200000000001 12.306257385358823 0.0020507788301156204 1480 150
54.168749446274873 1.4392 12.336319967876062 0.0024683335912052068 1580 150
54.221466662966108 1.5511999999999979 12.37635674846902 0.0033268172200856014 1680 150
54.220240587632183 1.6295999999999999 12.406207057559119 0.004591419641728019 1750 150
54.22105255776448 1.6968000000000001 12.424910721997568 0.0048001101799099609 1810 150
54.243007769833959 1.7752000000000021 12.458040526975269 0.0038735961580817525 1880 150
54.230197872942362 1.8424000000000009 12.469469186257184 0.0040270091446455939 1940 150
54.235829421473369 1.9320000000000019 12.493077716398012 0.0041532504493516928 2020 150
54.289238154279033 2.0439999999999969 12.541483592066745 0.0043348787282541353 2120 150
54.224265258008899 2.1336000000000008 12.587731784092833 0.0049216470669437226 2200 150
57.998113432688179 1.125599999999999 12.088459550798298 0.0030894834930952114 1300 150
58.056316619133597 1.248799999999999 12.119199471929372 0.003395243452967771 1410 150
58.085206659844893 1.3048 12.107223189105238 0.0032178381307278602 1460 150
58.126451893454487 1.3720000000000001 12.120525478616145 0.0027810438672515557 1520 150
58.236270223877568 1.495199999999997 12.134538603735544 0.0028634264474027907 1630 150
58.307668379437622 1.573600000000003 12.141449161763228 0.0028550266281086511 1700 150
58.540387195480747 1.652000000000001 12.161825190017051 0.0026342054959821921 1770 150
58.666252679925968 1.741599999999998 12.215780964708312 0.002540687826836877 1850 150
58.800203526806712 1.8311999999999991 12.229596984689003 0.0033995960414603087 1930 150
58.81793191795969 1.9208000000000001 12.241294840428987 0.0028230466970545058 2010 150
58.934200944604257 1.988 12.252036748858087 0.0037900375611119091 2070 150
59.121243147116971 2.1111999999999971 12.258439599853686 0.0040114508909987277 2180 150
59.289089363623603 2.1896000000000022 12.282827155876099 0.0050339386257929192 2250 150
59.383782565907993 2.279199999999999 12.296253420374008 0.0079721896317485989 2330 150
63.770903398386153 1.1256000000000019 11.933903530094078 0.0032526129849318871 1300 150
63.60239228898353 1.1704000000000041 11.944732705217309 0.003401238375294686 1340 150
63.483805982931898 1.260000000000002 11.951331362900323 0.0029059566466926364 1420 150
63.435305009303313 1.3271999999999979 11.954339807500464 0.0032129111040542242 1480 150
63.42630189104289 1.4056 11.958745251722025 0.0017264383957651488 1550 150
63.470760709971657 1.495199999999997 11.964067834067954 0.0019124766110660224 1630 150
63.478767267162041 1.5511999999999979 11.971511905834179 0.002000332364936882 1680 150
63.456106387681523 1.640800000000002 11.993428644871813 0.0023376552459837708 1760 150
63.45783879923912 1.719199999999997 12.0151296448827 0.0018978156040439192 1830 150
63.481968957450349 1.797600000000003 12.03721801857507 0.001995123715209381 1900 150
63.45220173667277 1.8872 12.058915741698749 0.0020900422637054289 1980 150
63.564694533783751 1.976799999999997 12.086288657589103 0.0027569495626240895 2060 150
63.76629453378375 2.1111999999999971 12.108838976130015 0.0024619913413966481 2180 150
63.859959009583953 2.223199999999999 12.132189132834352 0.0047557311640781868 2280 150
63.917453538896638 2.3239999999999981 12.158841698038696 0.0033338108668622734 2370 150
64.228491552777882 2.379999999999999 12.179576551878915 0.0039704790563355082 2420 150
64.264394136635104 2.480799999999999 12.21955189313111 0.003051257783924375 2510 150
64.107319499747675 2.514400000000002 12.241637120233751 0.0038905774905509021 2540 150
83.759324117260547 1.2600000000000049 11.332303932365653 0.0030979526363115939 1420 150
83.834640842713981 1.3384 11.341093152798154 0.0034207499824060171 1490 150
83.921014464933265 1.4168000000000021 11.379614305533764 0.0034066361644919056 1560 150
84.247900838799737 1.551200000000001 11.383453476579163 0.0031673605661752986 1680 150
84.399243412840704 1.6184000000000009 11.396030182161546 0.0024524479260421097 1740 150
84.444197376794676 1.696800000000003 11.417159702772983 0.0029827402186792321 1810 150
84.464921950425179 1.7751999999999979 11.440748494784946 0.0025432780042956436 1880 150
84.463493531187169 1.864800000000002 11.469958971220635 0.0031112417836559702 1960 150
84.469461705245834 1.9768000000000041 11.493774554092544 0.0034742291459580587 2060 150
84.371800862486793 2.100000000000001 11.520334431764226 0.0070960239757544051 2170 150
84.352571632157748 2.1783999999999959 11.509520630175105 0.0063577583070426021 2240 150
84.337479718891075 2.279200000000003 11.512968346239532 0.005363933167041506 2330 150
84.673242295403696 2.4024000000000001 11.54961752992485 0.006230081962487523 2440 150
84.622705576459182 2.480799999999995 11.559557687856586 0.007174908304355878 2510 150
92.408591409859511 1.472799999999999 11.225348728902041 0.006784259311751987 1610 150
92.418619871464742 1.696800000000003 11.222979051440523 0.0035778419308922144 1810 150
92.826777278276069 1.8088000000000051 11.21142389656573 0.0023687964901552162 1910 150
92.812497329737255 1.573599999999999 11.168925292131853 0.001781166340964398 1700 150
92.797054748841759 1.4615999999999969 11.15179069862017 0.0017568932654747908 1600 150
93.079914665027431 1.752800000000001 11.181930623889965 0.0020109168877137647 1860 150
93.265140296537879 1.842399999999998 11.191527958201801 0.0021201049518795884 1940 150
93.495411346991105 1.9543999999999999 11.211238736073831 0.0032056946216198496 2040 150
93.613547903634455 2.0439999999999969 11.230479356001734 0.0025417710808743207 2120 150
93.726751339690082 2.1672000000000011 11.25454329734081 0.0021599439454834733 2230 150
94.006270232112129 2.346399999999996 11.276251711201603 0.0025113206697291246 2390 150
94.008201931636322 2.4471999999999952 11.321813215593096 0.0037193470876440457 2480 150
94.259165195861613 2.5256000000000038 11.321749635623533 0.0043561409368884675 2550 150
108.2629619522896 1.6071999999999991 10.79242099590879 0.0031666472211574403 1730 150
108.55402820540139 1.6856000000000011 10.794053128612864 0.0028327262406564369 1800 150
109.09991859552299 1.8759999999999979 10.812213443844636 0.0021071422513233846 1970 150
109.3470732200589 1.6184000000000009 10.79578077363742 0.0019187625904718414 1740 150
109.2659176326607 1.495199999999997 10.787407399656397 0.0017564196964807437 1630 150
109.2103785353289 1.394399999999997 10.776320832706686 0.0017995208946948139 1540 150
109.1462013037243 1.2824000000000031 10.766032395002899 0.0017623006684982783 1440 150
109.05178178751891 1.170400000000001 10.758187658160868 0.0019464813122433786 1340 150
109.0970852564318 1.170400000000001 10.756480546082877 0.0020143144823570932 1340 150
109.5042167744962 1.573599999999999 10.78556289177407 0.0019959410772210453 1700 150
109.6088239718592 1.6856000000000011 10.794936925810173 0.0018989509524359213 1800 150
109.7800485035915 1.741599999999998 10.796988844478321 0.0018593640751198319 1850 150
109.9607254871036 1.898399999999995 10.81057347390376 0.0020529275922503351 1990 150
110.0567727924775 1.988 10.824873568825517 0.0023827231009428073 2070 150
110.2192754266117 2.0888000000000062 10.850172699001794 0.002577290053016411 2160 150
110.3026761411748 2.1895999999999991 10.868692396775977 0.0030047794400619747 2250 150
110.5619733447419 2.2680000000000011 10.873975640115342 0.0036874402014108127 2320 150
110.7559991354846 2.3687999999999998 10.889916069680398 0.0054878071097870518 2410 150
110.7066625105191 2.492000000000004 10.934402532778815 0.004554942194875654 2520 150
110.9283545808596 2.5703999999999989 10.950944882329942 0.0049398318089360592 2590 150
115.854773256833 1.707999999999998 10.605333508888711 0.0062658761870086482 1820 150
116.3056943894636 1.7192000000000009 10.586992921655726 0.0064371561559033123 1830 150
116.74033149431 1.909599999999998 10.602144396962425 0.0054721672992496667 2000 150
117.4068917148505 1.9768000000000041 10.625667018763961 0.0042337128547126181 2060 150
117.8324028022591 2.1336000000000008 10.640538615210266 0.0048680554500231546 2200 150
118.4978217475099 2.301600000000001 10.694722420664695 0.0065086524570261862 2350 150
118.84679455634389 2.3912000000000049 10.69602542864086 0.0045938771082965988 2430 150
118.5503173538081 1.909599999999998 10.61725258970081 0.0096233339866086346 2000 150
118.5241814116231 1.7975999999999961 10.60061757206466 0.0066144228320986322 1900 150
118.4938610449518 1.6856000000000011 10.595249197811931 0.0085443019118029307 1800 150
118.3501987609386 1.573599999999999 10.59369889973102 0.0079663616045442705 1700 150
118.3727178894473 1.4615999999999969 10.581558354003556 0.0096264148042323801 1600 150
118.2401708523543 1.2376 10.580554892403228 0.0077610183816008453 1400 150
128.75204954473941 1.159199999999998 10.404060873177539 0.0035835358885109199 1330 150
129.08092098199569 1.3384 10.408249152791981 0.0040348584801676111 1490 150
129.34050254564201 1.5287999999999971 10.412579780697088 0.0037436910898609767 1660 150
129.90748787624429 1.674399999999991 10.408530887049992 0.0054816228907872576 1790 150
130.21080065036031 1.819999999999993 10.405647034468963 0.0041746198447108465 1920 150
130.9709272405355 2.0215999999999918 10.407711306703666 0.0048059047643237637 2100 150
131.69548267464779 2.1783999999999959 10.427702496507578 0.0048132477416363588 2240 150
132.59596527291029 2.4024000000000001 10.458813514352492 0.0046091701171491065 2440 150
148.50861487645449 1.203999999999994 10.07190950833369 0.0042820923856775146 1370 150
148.90576667464751 1.427999999999997 10.072265590182669 0.0038417726949616132 1570 150
149.34732770967719 1.607200000000006 10.075117731533416 0.0038268759707323539 1730 150
149.9480701694589 1.797600000000003 10.074115681012636 0.0065918548384937097 1900 150
