Title Miozzi author-described staged reconstruction
Pscale GPa
Vscale cm^3/mol
Tscale K
Format 1 P SIGP V SIGV T SIGT
10.699999999999999 0.20000000000000001 12.834988601787998 0.00060221407600000003 298 1
11.4 0.20000000000000001 12.784402619403998 0.0012044281520000001 298 1
12 0.20000000000000001 12.752485273375999 0.00060221407600000003 298 1
14.300000000000001 0.20000000000000001 12.62240703296 0.00060221407600000003 298 1
16 0.20000000000000001 12.519428425964001 0.00060221407600000003 298 1
17.399999999999999 0.20000000000000001 12.441140596083999 0.00060221407600000003 298 1
18.899999999999999 0.20000000000000001 12.373090405495999 0.0012044281520000001 298 1
20.5 0.20000000000000001 12.2851671504 0.00060221407600000003 298 1
21.699999999999999 0.20000000000000001 12.219525816116001 0.00060221407600000003 298 1
22.800000000000001 0.20000000000000001 12.164724335199999 0.00060221407600000003 298 1
24.300000000000001 0.20000000000000001 12.090652003852 0.0012044281520000001 298 1
25.699999999999999 0.20000000000000001 12.012966388048 0.00060221407600000003 298 1
28.100000000000001 0.20000000000000001 11.900954569912001 0.0048177126080000002 298 1
29.399999999999999 0.20000000000000001 11.856992942364 0.0012044281520000001 298 1
30.800000000000001 0.20000000000000001 11.793158250307998 0.0012044281520000001 298 1
41.263999532884498 0 11.473984790028 0.0012044281520000001 300 1
47.76269124574317 0.17530000000000001 11.604063030443999 0.0036132844559999999 1759 47.100000000000001
41.463733948818707 0 11.481813573016 0.0024088563040000001 300 1
52.759722891903301 0 11.547454907300001 0.0024088563040000001 2038 51.969999999999999
53.248173092764972 0 11.595632033379999 0.001806642228 2117 80.269999999999996
45.895225028271021 0 11.370403968955999 0.00060221407600000003 300 1
52.5286909013318 0.19389999999999999 11.498675567144 0.0036132844559999999 1818 45.399999999999999
51.755434712731883 0.1978 11.519753059804001 0.0024088563040000001 1485 65.400000000000006
53.485659380980564 0.0298 11.435443089164 0.0012044281520000001 1519 56.799999999999997
55.225013386833773 0.080500000000000002 11.427614306175998 0.001806642228 1632 167.59999999999999
55.032349346838366 0.20949999999999999 11.443874086228 0.001806642228 1752 134.40000000000001
55.734611327953871 0.20999999999999999 11.401719100908 0.0012044281520000001 1922 99.900000000000006
56.070264642256141 0.24590000000000001 11.410752312048 0.001806642228 2205 94.900000000000006
47.894834767327829 0 11.298138279835999 0.001806642228 300 1
59.817843192669208 1.7925 11.473984790028 0.0012044281520000001 2503 117.3
56.360616758224559 0 11.479404716712001 0.001806642228 2338 141.40000000000001
57.578602971053201 0 11.392083675692001 0.0036132844559999999 2012 106.2
60.598478931689392 0.61529999999999996 11.434840875088 0.0024088563040000001 2575 137.40000000000001
64.216630810964332 0.2999 11.436647517315999 0.001806642228 3188 198.40000000000001
66.366431763304121 2.6162999999999998 11.426409878024 0.0024088563040000001 3399 220.59999999999999
60.841515442731861 0.2243 11.36377961412 0.001806642228 2486 117.2
59.840592291103619 0.36830000000000002 11.34571319184 0.0012044281520000001 2375 116.09999999999999
55.432994849371454 0.23860000000000001 11.374619467488001 0.001806642228 1892 115.09999999999999
54.008828182851985 0.062300000000000001 11.38786817716 0.001806642228 1578 102.09999999999999
54.010245667434354 0.072300000000000003 11.3667906845 0.0024088563040000001 1450 132.19999999999999
53.103653734735261 0.053999999999999999 11.354144188904 0.0036132844559999999 1324 323
74.558157293551091 0 10.633293939931999 0 300 1
80.914712352309095 0.051999999999999998 10.751327898828 0.0024088563040000001 1441 63.299999999999997
86.085232216987791 0.20699999999999999 10.682675494164 0.0042154985320000003 2104 58.200000000000003
87.347355496930291 0.35210000000000002 10.690504277152 0.0054199266839999993 2347 89
88.430199177868033 0.15740000000000001 10.685084350467999 0.00301107038 2496 103.8
84.427872469394984 0.097100000000000006 10.6742444971 0.00301107038 1797 68.799999999999997
83.765324971043938 0.060199999999999997 10.667017928188001 0.0036132844559999999 1696 96.200000000000003
81.867557690797142 0.088400000000000006 10.689299848999999 0.00301107038 1448 134.5
84.654027485544603 0.29980000000000001 10.69532198976 0.00301107038 1934 69.900000000000006
85.233669315022624 0.0974 10.692310919379999 0.0042154985320000003 2013 70.299999999999997
85.52686407537557 0.10539999999999999 10.69833306014 0.0036132844559999999 2084 66.400000000000006
85.775568525965383 0.15820000000000001 10.706161843127999 0.0036132844559999999 2153 65
87.233801021202567 0.28689999999999999 10.717603910572 0.00301107038 2409 76.799999999999997
87.266820508949522 0.25650000000000001 10.722421623179999 0.0048177126080000002 2468 78.5
87.560231129408123 0.33350000000000002 10.786858529311999 0.0054199266839999993 2596 95.599999999999994
87.288171269775077 0.32540000000000002 10.745305758068 0.0054199266839999993 2558 111.2
86.072698156627439 0 10.40927030366 0.00301107038 300 1
97.951861227076506 0.096500000000000002 10.470696139412 0.0036132844559999999 2064 104.8
96.623081179294317 0.1449 10.461060714195998 0.0024088563040000001 1857 11
95.934608659515689 0.053900000000000003 10.436972151155999 0.00301107038 1766 87
94.707201704048117 0.0223 10.435165508928 0.0024088563040000001 1568 119.2
100.78563327692919 0.13650000000000001 10.439983221535998 0.0024088563040000001 2345 66.299999999999997
102.9325314870791 0.27910000000000001 10.447209790447999 0.00301107038 2657 81.599999999999994
99.893891530084801 0.1986 10.452027503056001 0.0024088563040000001 2206 110.7
99.439629504650455 0.47720000000000001 10.450823074903999 0.0024088563040000001 2371 69.5
100.45803963800607 0.17530000000000001 10.455038573436001 0.0024088563040000001 2555 62.200000000000003
100.04927161623432 0.1618 10.458651857892001 0.001806642228 2426 56.299999999999997
103.51844895768038 0.4042 10.480331564627999 0.00301107038 2746 106.7
104.68600133119352 0.25690000000000002 10.452027503056001 0.0024088563040000001 2889 141.59999999999999
105.78103862484696 0.28360000000000002 10.455038573436001 0.00301107038 3028 130.19999999999999
106.16909366128417 0.35289999999999999 10.435165508928 0.0024088563040000001 3054 114.2
106.99224679803132 0.38769999999999999 10.476116066096001 0.0036132844559999999 3227 98.900000000000006
120.43214337554872 0.18290000000000001 10.046135215831999 0.0024088563040000001 1640 68.799999999999997
119.94944534386427 0.16270000000000001 10.031079863932 0.0024088563040000001 1564 131.59999999999999
123.14378957879806 0.39269999999999999 10.039510860996 0.0024088563040000001 2044 69.799999999999997
121.90603581658711 0.3256 10.020842224640001 0.001806642228 1865 66.099999999999994
120.65119793933964 0.076399999999999996 10.02385329502 0.001806642228 1702 76.299999999999997
112.95771951530045 0 9.9684496000280003 0.0012044281520000001 300 1
125.65097447563846 0.47160000000000002 10.012411227576001 0.001806642228 2272 94.099999999999994
127.1984086035088 0.58909999999999996 10.011809013500001 0.001806642228 2590 85.5
129.3071497589813 1.4755 10.046737429907999 0.0024088563040000001 2976 112
126.10698501537561 0.58340000000000003 10.043124145451999 0.0024088563040000001 2539 116.2
113.1885699975365 0 9.9786872393199992 0.0012044281520000001 300 1
126.25297408201536 0.1394 9.9853115941560002 0.001806642228 1999 93.700000000000003
128.0269545826381 0.24779999999999999 10.001571374208 0.001806642228 2240 83.799999999999997
116.13975114523646 0 9.9461676792159981 0.001806642228 300 1
116.10756395679572 0 9.9437588229120006 0.0012044281520000001 300 1
78.271893868228915 0 10.555006110052 0.0024088563040000001 300 1
79.590206046371222 0 10.550188397443998 0.001806642228 300 1
84.793254283367006 0 10.67725556748 0.001806642228 1495 0
95.84017555377919 0.071300000000000002 10.497795772831999 0.001806642228 1988 89.5
96.259921718459623 0.18090000000000001 10.495989130603999 0.0024088563040000001 2034 69.799999999999997
93.637889595632984 0.10920000000000001 10.476718280171999 0.001806642228 1577 124
93.207413800372379 0.067599999999999993 10.458049643816 0.001806642228 1424 104.7
94.956420460728808 0.12590000000000001 10.473707209792 0.0024088563040000001 1677 111.90000000000001
94.996754403225623 0.12640000000000001 10.491171417996 0.001806642228 1848 95.099999999999994
96.519144574267926 0.25380000000000003 10.505022341743999 0.001806642228 2117 83.299999999999997
97.207050548073454 0.20250000000000001 10.504420127668 0.001806642228 2247 101.40000000000001
96.731602329422842 0.1946 10.517066623263998 0.001806642228 2254 80.599999999999994
95.700888342704374 0.1615 10.525497620328 0.001806642228 2315 73.200000000000003
95.579664945322236 0.29149999999999998 10.532121975163999 0.0024088563040000001 2421 65.900000000000006
95.614328482844343 0.2306 10.548983969291999 0.0024088563040000001 2522 72.299999999999997
99.497233341055306 0.2989 10.538144115923998 0.0024088563040000001 2812 141.40000000000001
84.965252987022765 0 10.462265142348 0.001806642228 300 1
86.902058240004607 0 10.386988382848001 0.0036132844559999999 300 1
89.653349639741961 0 10.338811256767999 0.0024088563040000001 300 1
96.985355915118063 0.1191 10.373739673175999 0.0024088563040000001 1570 112.40000000000001
98.153951169283843 0.084199999999999997 10.377955171708001 0.00301107038 1774 73.599999999999994
96.93518967861209 0 10.470093925336 0.0024088563040000001 1942 81.200000000000003
95.707095417243892 0.2152 10.491773632072 0.0024088563040000001 2032 86.599999999999994
99.525258399085999 0.21240000000000001 10.412281374039999 0.00301107038 1937 87.5
97.076977294723321 0.3347 10.500204629136 0.0024088563040000001 2187 104.5
87.370211847262297 0 10.373739673175999 0.0024088563040000001 300 1
100.67172821791037 0 10.406861447355999 0.0048177126080000002 2486 125
100.7042767118038 0 10.447812004524 0.00301107038 2262 107
100.30735804678815 0.2331 10.438176579307999 0.0036132844559999999 2238 137
92.579156412494441 0 10.29183855884 0.0012044281520000001 300 1
103.3337491714496 0 10.144898324295999 0.0012044281520000001 300 1
105.3074863123102 0 10.12924075832 0.0012044281520000001 300 1
113.10698263380051 0.22800000000000001 10.149113822828001 0.0012044281520000001 1735 69.400000000000006
114.56744469172401 0.15890000000000001 10.169589101412001 0.001806642228 1975 102.40000000000001
113.33968838837441 0.20610000000000001 10.167782459184 0.0024088563040000001 1860 85.200000000000003
119.74632244976245 0.33829999999999999 10.054566212896001 0.001806642228 1810 81
110.25896294586673 0 10.021444438715999 0.001806642228 300 1
123.42174444572534 1.0257000000000001 10.086483558924 0.001806642228 2326 1
121.48686914866839 0.38600000000000001 10.101538910824001 0.0012044281520000001 2273 64.799999999999997
122.1636191891585 0.60389999999999999 10.111174336039999 0.0024088563040000001 2445 83.799999999999997
121.99578813438616 0.80369999999999997 10.105152195280001 0.001806642228 2430 92.799999999999997
110.75313120112813 0 10.008195729043999 0.0012044281520000001 300 1
126.53433092583063 0.1027 10.037704218767999 0.001806642228 2386 97.799999999999997
