Title Miozzi author-described staged reconstruction
Pscale GPa
Vscale cm^3/mol
Tscale K
Format 1 P SIGP V SIGV T
10.699999999999999 0.20000000000000001 12.834988601787998 0.00060221407600000003 298
11.4 0.20000000000000001 12.784402619403998 0.0012044281520000001 298
12 0.20000000000000001 12.752485273375999 0.00060221407600000003 298
14.300000000000001 0.20000000000000001 12.62240703296 0.00060221407600000003 298
16 0.20000000000000001 12.519428425964001 0.00060221407600000003 298
17.399999999999999 0.20000000000000001 12.441140596083999 0.00060221407600000003 298
18.899999999999999 0.20000000000000001 12.373090405495999 0.0012044281520000001 298
20.5 0.20000000000000001 12.2851671504 0.00060221407600000003 298
21.699999999999999 0.20000000000000001 12.219525816116001 0.00060221407600000003 298
22.800000000000001 0.20000000000000001 12.164724335199999 0.00060221407600000003 298
24.300000000000001 0.20000000000000001 12.090652003852 0.0012044281520000001 298
25.699999999999999 0.20000000000000001 12.012966388048 0.00060221407600000003 298
28.100000000000001 0.20000000000000001 11.900954569912001 0.0048177126080000002 298
29.399999999999999 0.20000000000000001 11.856992942364 0.0012044281520000001 298
30.800000000000001 0.20000000000000001 11.793158250307998 0.0012044281520000001 298
41.263999532884498 0 11.473984790028 0.0012044281520000001 300
41.463733948818707 0 11.481813573016 0.0024088563040000001 300
45.895225028271021 0 11.370403968955999 0.00060221407600000003 300
47.894834767327829 0 11.298138279835999 0.001806642228 300
74.558157293551091 0 10.633293939931999 0 300
86.072698156627439 0 10.40927030366 0.00301107038 300
112.95771951530045 0 9.9684496000280003 0.0012044281520000001 300
113.1885699975365 0 9.9786872393199992 0.0012044281520000001 300
116.13975114523646 0 9.9461676792159981 0.001806642228 300
116.10756395679572 0 9.9437588229120006 0.0012044281520000001 300
78.271893868228915 0 10.555006110052 0.0024088563040000001 300
79.590206046371222 0 10.550188397443998 0.001806642228 300
84.965252987022765 0 10.462265142348 0.001806642228 300
86.902058240004607 0 10.386988382848001 0.0036132844559999999 300
89.653349639741961 0 10.338811256767999 0.0024088563040000001 300
87.370211847262297 0 10.373739673175999 0.0024088563040000001 300
92.579156412494441 0 10.29183855884 0.0012044281520000001 300
103.3337491714496 0 10.144898324295999 0.0012044281520000001 300
105.3074863123102 0 10.12924075832 0.0012044281520000001 300
110.25896294586673 0 10.021444438715999 0.001806642228 300
110.75313120112813 0 10.008195729043999 0.0012044281520000001 300
