Format 1 P sigP T sigT V sigV				
29.59643816	1.2936	1450	150	13.69121917	0.00300783
29.61727201	1.3832	1530	150	13.74976223	0.00329942
29.68104188	1.4728	1610	150	13.79940105	0.003626736
29.90492469	1.5848	1710	150	13.89468574	0.004256723
33.12772584	1.092	1270	150	13.37514874	0.001625958
33.23118826	1.1816	1350	150	13.40191256	0.00199254
33.41794186	1.316	1470	150	13.45946566	0.005190797
33.41794186	1.316	1470	150	13.45946566	0.005190797
41.65184068	1.036	1220	150	12.81106362	0.002744231
41.76934184	1.1592	1330	150	12.83495973	0.002626233
41.6736134	1.26	1420	150	12.86480437	0.002408685
41.92909677	1.3608	1510	150	12.92016747	0.001853466
41.8033473	1.4392	1580	150	12.9554079	0.003430984
41.91758698	1.5064	1640	150	12.97524497	0.002257765
42.19857017	1.6296	1750	150	13.00964279	0.003735626
42.6556377	1.7864	1890	150	13.04180644	0.003957997
45.16809303	1.0696	1250	150	12.63487883	0.004237646
44.99938828	1.1704	1340	150	12.67346588	0.00406029
44.99088308	1.2488	1410	150	12.69373397	0.004186905
44.90095589	1.3832	1530	150	12.77919654	0.002351911
44.8589917	1.5288	1660	150	12.80249427	0.003217087
44.90717895	1.6408	1760	150	12.85786793	0.00294203
44.93903417	1.7416	1850	150	12.91702078	0.003617997
45.00218695	1.8424	1940	150	12.94235472	0.003923874
45.06777749	1.9096	2000	150	12.98309217	0.004331831
45.19849373	2.0216	2100	150	13.0162714	0.005197949
45.2392356	2.1224	2190	150	13.10592218	0.004664259
45.33431719	2.2344	2290	150	13.12169391	0.004927899
54.18431222	1.036	1220	150	12.21726304	0.003814384
54.27403106	1.0808	1260	150	12.22978011	0.002192273
54.29698221	1.1704	1340	150	12.24970303	0.001997275
54.22844421	1.2712	1430	150	12.27345927	0.00174436
54.14069301	1.3272	1480	150	12.30596974	0.002050731
54.16874945	1.4392	1580	150	12.33603162	0.002468276
54.22146666	1.5512	1680	150	12.37606747	0.003326739
54.22024059	1.6296	1750	150	12.40591708	0.004591312
54.22105256	1.6968	1810	150	12.42462031	0.004799998
54.24300777	1.7752	1880	150	12.45774934	0.003873506
54.23019787	1.8424	1940	150	12.46917773	0.004026915
54.23582942	1.932	2020	150	12.49278571	0.004153153
54.28923815	2.044	2120	150	12.54119045	0.004334777
54.22426526	2.1336	2200	150	12.58743756	0.004921532
57.99811343	1.1256	1300	150	12.088177	0.003089411
58.05631662	1.2488	1410	150	12.1189162	0.003395164
58.08520666	1.3048	1460	150	12.1069402	0.003217763
58.12645189	1.372	1520	150	12.12024218	0.002780979
58.23627022	1.4952	1630	150	12.13425497	0.00286336
58.30766838	1.5736	1700	150	12.14116537	0.00285496
58.5403872	1.652	1770	150	12.16154092	0.002634144
58.66625268	1.7416	1850	150	12.21549544	0.002540628
58.80020353	1.8312	1930	150	12.22931113	0.003399517
58.81793192	1.9208	2010	150	12.24100872	0.002822981
58.93420094	1.988	2070	150	12.25175037	0.003789949
59.12124315	2.1112	2180	150	12.25815307	0.004011357
59.28908936	2.1896	2250	150	12.28254006	0.005033821
59.38378257	2.2792	2330	150	12.29596601	0.007972003
63.7709034	1.1256	1300	150	11.93362459	0.003252537
63.60239229	1.1704	1340	150	11.94445351	0.003401159
63.48380598	1.26	1420	150	11.95105202	0.002905889
63.43530501	1.3272	1480	150	11.95406039	0.003212836
63.42630189	1.4056	1550	150	11.95846573	0.001726398
63.47076071	1.4952	1630	150	11.96378819	0.001912432
63.47876727	1.5512	1680	150	11.97123209	0.002000286
63.45610639	1.6408	1760	150	11.99314831	0.002337601
63.4578388	1.7192	1830	150	12.01484881	0.001897771
63.48196896	1.7976	1900	150	12.03693666	0.001995077
63.45220174	1.8872	1980	150	12.05863388	0.002089993
63.56469453	1.9768	2060	150	12.08600616	0.002756885
63.76629453	2.1112	2180	150	12.10855595	0.002461934
63.85995901	2.2232	2280	150	12.13190556	0.00475562
63.91745354	2.324	2370	150	12.1585575	0.003333733
64.22849155	2.38	2420	150	12.17929187	0.003970386
64.26439414	2.4808	2510	150	12.21926628	0.003051186
64.1073195	2.5144	2540	150	12.24135099	0.003890487
83.75932412	1.26	1420	150	11.33203905	0.00309788
83.83464084	1.3384	1490	150	11.34082807	0.00342067
83.92101446	1.4168	1560	150	11.37934832	0.003406557
84.24790084	1.5512	1680	150	11.3831874	0.003167287
84.39924341	1.6184	1740	150	11.39576381	0.002452391
84.44419738	1.6968	1810	150	11.41689284	0.002982671
84.46492195	1.7752	1880	150	11.44048108	0.002543219
84.46349353	1.8648	1960	150	11.46969088	0.003111169
84.46946171	1.9768	2060	150	11.4935059	0.003474148
84.37180086	2.1	2170	150	11.52006516	0.007095858
84.35257163	2.1784	2240	150	11.50925161	0.00635761
84.33747972	2.2792	2330	150	11.51269925	0.005363808
84.6732423	2.4024	2440	150	11.54934757	0.006229936
84.62270558	2.4808	2510	150	11.5592875	0.007174741
92.40859141	1.4728	1610	150	11.22508635	0.006784101
92.41861987	1.6968	1810	150	11.22271673	0.003577758
92.82677728	1.8088	1910	150	11.21116184	0.002368741
92.81249733	1.5736	1700	150	11.16866423	0.001781125
92.79705475	1.4616	1600	150	11.15153004	0.001756852
93.07991467	1.7528	1860	150	11.18166926	0.00201087
93.2651403	1.8424	1940	150	11.19126637	0.002120055
93.49541135	1.9544	2040	150	11.21097669	0.00320562
93.6135479	2.044	2120	150	11.23021686	0.002541712
93.72675134	2.1672	2230	150	11.25428024	0.002159893
94.00627023	2.3464	2390	150	11.27598814	0.002511262
94.00820193	2.4472	2480	150	11.32154858	0.00371926
94.2591652	2.5256	2550	150	11.321485	0.004356039
108.262962	1.6072	1730	150	10.79216874	0.003166573
108.5540282	1.6856	1800	150	10.79380083	0.00283266
109.0999186	1.876	1970	150	10.81196072	0.002107093
109.3470732	1.6184	1740	150	10.79552844	0.001918718
109.2659176	1.4952	1630	150	10.78715526	0.001756379
109.2103785	1.3944	1540	150	10.77606895	0.001799479
109.1462013	1.2824	1440	150	10.76578075	0.001762259
109.0517818	1.1704	1340	150	10.7579362	0.001946436
109.0970853	1.1704	1340	150	10.75622913	0.002014267
109.5042168	1.5736	1700	150	10.78531079	0.001995894
109.608824	1.6856	1800	150	10.79468461	0.001898907
109.7800485	1.7416	1850	150	10.79673648	0.001859321
109.9607255	1.8984	1990	150	10.81032079	0.00205288
110.0567728	1.988	2070	150	10.82462055	0.002382667
110.2192754	2.0888	2160	150	10.84991909	0.00257723
110.3026761	2.1896	2250	150	10.86843835	0.003004709
110.5619733	2.268	2320	150	10.87372147	0.003687354
110.7559991	2.3688	2410	150	10.88966153	0.005487679
110.7066625	2.492	2520	150	10.93414695	0.004554836
110.9283546	2.5704	2590	150	10.95068892	0.004939716
115.8547733	1.708	1820	150	10.60508562	0.00626573
116.3056944	1.7192	1830	150	10.58674546	0.006437006
116.7403315	1.9096	2000	150	10.60189659	0.005472039
117.4068917	1.9768	2060	150	10.62541866	0.004233614
117.8324028	2.1336	2200	150	10.64028991	0.004867942
118.4978217	2.3016	2350	150	10.69447244	0.0065085
118.8467946	2.3912	2430	150	10.69577542	0.00459377
118.5503174	1.9096	2000	150	10.61700442	0.009623109
118.5241814	1.7976	1900	150	10.6003698	0.006614268
118.493861	1.6856	1800	150	10.59500155	0.008544102
118.3501988	1.5736	1700	150	10.59345129	0.007966175
118.3727179	1.4616	1600	150	10.58131102	0.00962619
118.2401709	1.2376	1400	150	10.58030759	0.007760837
128.7520495	1.1592	1330	150	10.40381769	0.003583452
129.080921	1.3384	1490	150	10.40800587	0.004034764
129.3405025	1.5288	1660	150	10.4123364	0.003743604
129.9074879	1.6744	1790	150	10.4082876	0.005481495
130.2108007	1.82	1920	150	10.40540382	0.004174522
130.9709272	2.0216	2100	150	10.40746804	0.004805792
131.6954827	2.1784	2240	150	10.42745876	0.004813135
132.5959653	2.4024	2440	150	10.45856905	0.004609062
148.5086149	1.204	1370	150	10.07167409	0.004281992
148.9057667	1.428	1570	150	10.07203016	0.003841683
149.3473277	1.6072	1730	150	10.07488224	0.003826787
149.9480702	1.7976	1900	150	10.07388021	0.006591701
